  0.0000    1    2.000   1.0000          evt1
  2.0000    0    2.000   1.0000          NULL 
  4.0000    1    2.000   1.0000          evt1
  6.0000    1    2.000   1.0000          evt1
  8.0000    1    2.000   1.0000          evt1
 10.0000    0   10.000   1.0000          NULL 
 20.0000    1    2.000   1.0000          evt1
 22.0000    1    2.000   1.0000          evt1
 24.0000    1    2.000   1.0000          evt1
 26.0000    0   12.000   1.0000          NULL 
 38.0000    1    2.000   1.0000          evt1
 40.0000    0   10.000   1.0000          NULL 
 50.0000    1    2.000   1.0000          evt1
 52.0000    1    2.000   1.0000          evt1
 54.0000    1    2.000   1.0000          evt1
 56.0000    0    8.000   1.0000          NULL 
 64.0000    1    2.000   1.0000          evt1
 66.0000    0    8.000   1.0000          NULL 
 74.0000    1    2.000   1.0000          evt1
 76.0000    0    2.000   1.0000          NULL 
 78.0000    1    2.000   1.0000          evt1
 80.0000    1    2.000   1.0000          evt1
 82.0000    0    2.000   1.0000          NULL 
 84.0000    1    2.000   1.0000          evt1
 86.0000    0   10.000   1.0000          NULL 
 96.0000    1    2.000   1.0000          evt1
 98.0000    0    8.000   1.0000          NULL 
106.0000    1    2.000   1.0000          evt1
108.0000    0    2.000   1.0000          NULL 
110.0000    1    2.000   1.0000          evt1
112.0000    0    2.000   1.0000          NULL 
114.0000    1    2.000   1.0000          evt1
116.0000    1    2.000   1.0000          evt1
118.0000    0    6.000   1.0000          NULL 
124.0000    1    2.000   1.0000          evt1
126.0000    0    6.000   1.0000          NULL 
132.0000    1    2.000   1.0000          evt1
134.0000    0    2.000   1.0000          NULL 
136.0000    1    2.000   1.0000          evt1
138.0000    0    8.000   1.0000          NULL 
146.0000    1    2.000   1.0000          evt1
148.0000    0    6.000   1.0000          NULL 
154.0000    1    2.000   1.0000          evt1
156.0000    0    4.000   1.0000          NULL 
160.0000    1    2.000   1.0000          evt1
162.0000    0    8.000   1.0000          NULL 
170.0000    1    2.000   1.0000          evt1
172.0000    0    4.000   1.0000          NULL 
176.0000    1    2.000   1.0000          evt1
178.0000    0    4.000   1.0000          NULL 
182.0000    1    2.000   1.0000          evt1
184.0000    0   16.000   1.0000          NULL 
