  0.0000    1    2.000   1.0000          evt1
  2.0000    0    4.000   1.0000          NULL 
  6.0000    1    2.000   1.0000          evt1
  8.0000    1    2.000   1.0000          evt1
 10.0000    0    2.000   1.0000          NULL 
 12.0000    1    2.000   1.0000          evt1
 14.0000    0   18.000   1.0000          NULL 
 32.0000    1    2.000   1.0000          evt1
 34.0000    0    2.000   1.0000          NULL 
 36.0000    1    2.000   1.0000          evt1
 38.0000    1    2.000   1.0000          evt1
 40.0000    0    4.000   1.0000          NULL 
 44.0000    1    2.000   1.0000          evt1
 46.0000    0    6.000   1.0000          NULL 
 52.0000    1    2.000   1.0000          evt1
 54.0000    0    2.000   1.0000          NULL 
 56.0000    1    2.000   1.0000          evt1
 58.0000    0    4.000   1.0000          NULL 
 62.0000    1    2.000   1.0000          evt1
 64.0000    0    2.000   1.0000          NULL 
 66.0000    1    2.000   1.0000          evt1
 68.0000    0    8.000   1.0000          NULL 
 76.0000    1    2.000   1.0000          evt1
 78.0000    1    2.000   1.0000          evt1
 80.0000    0    4.000   1.0000          NULL 
 84.0000    1    2.000   1.0000          evt1
 86.0000    0   12.000   1.0000          NULL 
 98.0000    1    2.000   1.0000          evt1
100.0000    0   16.000   1.0000          NULL 
116.0000    1    2.000   1.0000          evt1
118.0000    1    2.000   1.0000          evt1
120.0000    1    2.000   1.0000          evt1
122.0000    0   12.000   1.0000          NULL 
134.0000    1    2.000   1.0000          evt1
136.0000    0    4.000   1.0000          NULL 
140.0000    1    2.000   1.0000          evt1
142.0000    1    2.000   1.0000          evt1
144.0000    0    6.000   1.0000          NULL 
150.0000    1    2.000   1.0000          evt1
152.0000    1    2.000   1.0000          evt1
154.0000    1    2.000   1.0000          evt1
156.0000    0    2.000   1.0000          NULL 
158.0000    1    2.000   1.0000          evt1
160.0000    0    8.000   1.0000          NULL 
168.0000    1    2.000   1.0000          evt1
170.0000    0    4.000   1.0000          NULL 
174.0000    1    2.000   1.0000          evt1
176.0000    0    6.000   1.0000          NULL 
182.0000    1    2.000   1.0000          evt1
184.0000    0    8.000   1.0000          NULL 
192.0000    1    2.000   1.0000          evt1
194.0000    0    6.000   1.0000          NULL 
