  0.0000    1    2.000   1.0000          left
  2.0000    0    6.000   1.0000          NULL 
  8.0000    1    2.000   1.0000          left
 10.0000    0    6.000   1.0000          NULL 
 16.0000    1    2.000   1.0000          left
 18.0000    0    6.000   1.0000          NULL 
 24.0000    2    2.000   1.0000         right
 26.0000    0    8.000   1.0000          NULL 
 34.0000    2    2.000   1.0000         right
 36.0000    0   14.000   1.0000          NULL 
 50.0000    2    2.000   1.0000         right
 52.0000    0    8.000   1.0000          NULL 
 60.0000    1    2.000   1.0000          left
 62.0000    0    6.000   1.0000          NULL 
 68.0000    1    2.000   1.0000          left
 70.0000    0    6.000   1.0000          NULL 
 76.0000    2    2.000   1.0000         right
 78.0000    0    6.000   1.0000          NULL 
 84.0000    1    2.000   1.0000          left
 86.0000    0    6.000   1.0000          NULL 
 92.0000    1    2.000   1.0000          left
 94.0000    0    8.000   1.0000          NULL 
102.0000    2    2.000   1.0000         right
104.0000    0    6.000   1.0000          NULL 
110.0000    2    2.000   1.0000         right
112.0000    0    6.000   1.0000          NULL 
118.0000    1    2.000   1.0000          left
120.0000    0   10.000   1.0000          NULL 
130.0000    2    2.000   1.0000         right
132.0000    0    6.000   1.0000          NULL 
138.0000    1    2.000   1.0000          left
140.0000    0    6.000   1.0000          NULL 
146.0000    2    2.000   1.0000         right
148.0000    0    6.000   1.0000          NULL 
154.0000    1    2.000   1.0000          left
156.0000    0    6.000   1.0000          NULL 
162.0000    1    2.000   1.0000          left
164.0000    0   14.000   1.0000          NULL 
178.0000    2    2.000   1.0000         right
180.0000    0   14.000   1.0000          NULL 
194.0000    1    2.000   1.0000          left
196.0000    0   10.000   1.0000          NULL 
206.0000    2    2.000   1.0000         right
208.0000    0    8.000   1.0000          NULL 
216.0000    1    2.000   1.0000          left
218.0000    0    8.000   1.0000          NULL 
226.0000    1    2.000   1.0000          left
228.0000    0    6.000   1.0000          NULL 
234.0000    2    2.000   1.0000         right
236.0000    0    8.000   1.0000          NULL 
244.0000    2    2.000   1.0000         right
246.0000    0    8.000   1.0000          NULL 
254.0000    2    2.000   1.0000         right
256.0000    0    6.000   1.0000          NULL 
262.0000    2    2.000   1.0000         right
264.0000    0    6.000   1.0000          NULL 
270.0000    1    2.000   1.0000          left
272.0000    0    6.000   1.0000          NULL 
278.0000    2    2.000   1.0000         right
280.0000    0   10.000   1.0000          NULL 
290.0000    2    2.000   1.0000         right
292.0000    0    6.000   1.0000          NULL 
298.0000    1    2.000   1.0000          left
300.0000    0   20.000   1.0000          NULL 
