  0.0000    2    2.000   1.0000         right
  2.0000    0    6.000   1.0000          NULL 
  8.0000    2    2.000   1.0000         right
 10.0000    0    6.000   1.0000          NULL 
 16.0000    1    2.000   1.0000          left
 18.0000    0    6.000   1.0000          NULL 
 24.0000    2    2.000   1.0000         right
 26.0000    0    8.000   1.0000          NULL 
 34.0000    2    2.000   1.0000         right
 36.0000    0    6.000   1.0000          NULL 
 42.0000    1    2.000   1.0000          left
 44.0000    0    8.000   1.0000          NULL 
 52.0000    2    2.000   1.0000         right
 54.0000    0    8.000   1.0000          NULL 
 62.0000    1    2.000   1.0000          left
 64.0000    0    6.000   1.0000          NULL 
 70.0000    1    2.000   1.0000          left
 72.0000    0    8.000   1.0000          NULL 
 80.0000    2    2.000   1.0000         right
 82.0000    0    6.000   1.0000          NULL 
 88.0000    1    2.000   1.0000          left
 90.0000    0    8.000   1.0000          NULL 
 98.0000    1    2.000   1.0000          left
100.0000    0    6.000   1.0000          NULL 
106.0000    2    2.000   1.0000         right
108.0000    0    6.000   1.0000          NULL 
114.0000    2    2.000   1.0000         right
116.0000    0   10.000   1.0000          NULL 
126.0000    1    2.000   1.0000          left
128.0000    0    6.000   1.0000          NULL 
134.0000    2    2.000   1.0000         right
136.0000    0    8.000   1.0000          NULL 
144.0000    1    2.000   1.0000          left
146.0000    0    8.000   1.0000          NULL 
154.0000    1    2.000   1.0000          left
156.0000    0    8.000   1.0000          NULL 
164.0000    1    2.000   1.0000          left
166.0000    0    8.000   1.0000          NULL 
174.0000    1    2.000   1.0000          left
176.0000    0    6.000   1.0000          NULL 
182.0000    2    2.000   1.0000         right
184.0000    0   12.000   1.0000          NULL 
196.0000    2    2.000   1.0000         right
198.0000    0    6.000   1.0000          NULL 
204.0000    1    2.000   1.0000          left
206.0000    0   10.000   1.0000          NULL 
216.0000    1    2.000   1.0000          left
218.0000    0    6.000   1.0000          NULL 
224.0000    2    2.000   1.0000         right
226.0000    0    8.000   1.0000          NULL 
234.0000    2    2.000   1.0000         right
236.0000    0    8.000   1.0000          NULL 
244.0000    1    2.000   1.0000          left
246.0000    0    6.000   1.0000          NULL 
252.0000    2    2.000   1.0000         right
254.0000    0    6.000   1.0000          NULL 
260.0000    2    2.000   1.0000         right
262.0000    0   14.000   1.0000          NULL 
276.0000    1    2.000   1.0000          left
278.0000    0    6.000   1.0000          NULL 
284.0000    1    2.000   1.0000          left
286.0000    0   14.000   1.0000          NULL 
300.0000    2    2.000   1.0000         right
302.0000    0   18.000   1.0000          NULL 
