  0.0000    2    2.000   1.0000         right
  2.0000    0    6.000   1.0000          NULL 
  8.0000    1    2.000   1.0000          left
 10.0000    0    6.000   1.0000          NULL 
 16.0000    1    2.000   1.0000          left
 18.0000    0    6.000   1.0000          NULL 
 24.0000    2    2.000   1.0000         right
 26.0000    0    6.000   1.0000          NULL 
 32.0000    1    2.000   1.0000          left
 34.0000    0    8.000   1.0000          NULL 
 42.0000    1    2.000   1.0000          left
 44.0000    0    6.000   1.0000          NULL 
 50.0000    2    2.000   1.0000         right
 52.0000    0    6.000   1.0000          NULL 
 58.0000    1    2.000   1.0000          left
 60.0000    0    6.000   1.0000          NULL 
 66.0000    2    2.000   1.0000         right
 68.0000    0    8.000   1.0000          NULL 
 76.0000    2    2.000   1.0000         right
 78.0000    0    8.000   1.0000          NULL 
 86.0000    1    2.000   1.0000          left
 88.0000    0    6.000   1.0000          NULL 
 94.0000    1    2.000   1.0000          left
 96.0000    0   10.000   1.0000          NULL 
106.0000    2    2.000   1.0000         right
108.0000    0    6.000   1.0000          NULL 
114.0000    1    2.000   1.0000          left
116.0000    0    6.000   1.0000          NULL 
122.0000    1    2.000   1.0000          left
124.0000    0    8.000   1.0000          NULL 
132.0000    2    2.000   1.0000         right
134.0000    0    6.000   1.0000          NULL 
140.0000    1    2.000   1.0000          left
142.0000    0    6.000   1.0000          NULL 
148.0000    2    2.000   1.0000         right
150.0000    0    6.000   1.0000          NULL 
156.0000    1    2.000   1.0000          left
158.0000    0    8.000   1.0000          NULL 
166.0000    2    2.000   1.0000         right
168.0000    0   14.000   1.0000          NULL 
182.0000    1    2.000   1.0000          left
184.0000    0   10.000   1.0000          NULL 
194.0000    1    2.000   1.0000          left
196.0000    0    8.000   1.0000          NULL 
204.0000    2    2.000   1.0000         right
206.0000    0    6.000   1.0000          NULL 
212.0000    2    2.000   1.0000         right
214.0000    0    8.000   1.0000          NULL 
222.0000    2    2.000   1.0000         right
224.0000    0    6.000   1.0000          NULL 
230.0000    1    2.000   1.0000          left
232.0000    0    8.000   1.0000          NULL 
240.0000    1    2.000   1.0000          left
242.0000    0   10.000   1.0000          NULL 
252.0000    2    2.000   1.0000         right
254.0000    0    6.000   1.0000          NULL 
260.0000    1    2.000   1.0000          left
262.0000    0   12.000   1.0000          NULL 
274.0000    2    2.000   1.0000         right
276.0000    0    8.000   1.0000          NULL 
284.0000    2    2.000   1.0000         right
286.0000    0    8.000   1.0000          NULL 
294.0000    2    2.000   1.0000         right
296.0000    0   24.000   1.0000          NULL 
