  0.0000    2    2.000   1.0000         right
  2.0000    0    6.000   1.0000          NULL 
  8.0000    1    2.000   1.0000          left
 10.0000    0    6.000   1.0000          NULL 
 16.0000    2    2.000   1.0000         right
 18.0000    0    6.000   1.0000          NULL 
 24.0000    1    2.000   1.0000          left
 26.0000    0    6.000   1.0000          NULL 
 32.0000    1    2.000   1.0000          left
 34.0000    0   10.000   1.0000          NULL 
 44.0000    2    2.000   1.0000         right
 46.0000    0    6.000   1.0000          NULL 
 52.0000    2    2.000   1.0000         right
 54.0000    0    8.000   1.0000          NULL 
 62.0000    2    2.000   1.0000         right
 64.0000    0    8.000   1.0000          NULL 
 72.0000    1    2.000   1.0000          left
 74.0000    0    8.000   1.0000          NULL 
 82.0000    2    2.000   1.0000         right
 84.0000    0    6.000   1.0000          NULL 
 90.0000    2    2.000   1.0000         right
 92.0000    0    6.000   1.0000          NULL 
 98.0000    1    2.000   1.0000          left
100.0000    0    8.000   1.0000          NULL 
108.0000    1    2.000   1.0000          left
110.0000    0   14.000   1.0000          NULL 
124.0000    1    2.000   1.0000          left
126.0000    0    8.000   1.0000          NULL 
134.0000    1    2.000   1.0000          left
136.0000    0    8.000   1.0000          NULL 
144.0000    2    2.000   1.0000         right
146.0000    0    6.000   1.0000          NULL 
152.0000    2    2.000   1.0000         right
154.0000    0   12.000   1.0000          NULL 
166.0000    2    2.000   1.0000         right
168.0000    0    8.000   1.0000          NULL 
176.0000    1    2.000   1.0000          left
178.0000    0    8.000   1.0000          NULL 
186.0000    1    2.000   1.0000          left
188.0000    0    8.000   1.0000          NULL 
196.0000    2    2.000   1.0000         right
198.0000    0    6.000   1.0000          NULL 
204.0000    2    2.000   1.0000         right
206.0000    0    8.000   1.0000          NULL 
214.0000    2    2.000   1.0000         right
216.0000    0    6.000   1.0000          NULL 
222.0000    1    2.000   1.0000          left
224.0000    0    6.000   1.0000          NULL 
230.0000    2    2.000   1.0000         right
232.0000    0    6.000   1.0000          NULL 
238.0000    1    2.000   1.0000          left
240.0000    0   16.000   1.0000          NULL 
256.0000    2    2.000   1.0000         right
258.0000    0    6.000   1.0000          NULL 
264.0000    1    2.000   1.0000          left
266.0000    0    6.000   1.0000          NULL 
272.0000    2    2.000   1.0000         right
274.0000    0    6.000   1.0000          NULL 
280.0000    1    2.000   1.0000          left
282.0000    0    6.000   1.0000          NULL 
288.0000    1    2.000   1.0000          left
290.0000    0    8.000   1.0000          NULL 
298.0000    1    2.000   1.0000          left
300.0000    0   20.000   1.0000          NULL 
