  0.0000    2    2.000   1.0000         right
  2.0000    0    6.000   1.0000          NULL 
  8.0000    1    2.000   1.0000          left
 10.0000    0    8.000   1.0000          NULL 
 18.0000    1    2.000   1.0000          left
 20.0000    0   12.000   1.0000          NULL 
 32.0000    2    2.000   1.0000         right
 34.0000    0    6.000   1.0000          NULL 
 40.0000    1    2.000   1.0000          left
 42.0000    0    6.000   1.0000          NULL 
 48.0000    1    2.000   1.0000          left
 50.0000    0   10.000   1.0000          NULL 
 60.0000    1    2.000   1.0000          left
 62.0000    0   10.000   1.0000          NULL 
 72.0000    1    2.000   1.0000          left
 74.0000    0    6.000   1.0000          NULL 
 80.0000    2    2.000   1.0000         right
 82.0000    0    6.000   1.0000          NULL 
 88.0000    1    2.000   1.0000          left
 90.0000    0    8.000   1.0000          NULL 
 98.0000    1    2.000   1.0000          left
100.0000    0    6.000   1.0000          NULL 
106.0000    2    2.000   1.0000         right
108.0000    0    6.000   1.0000          NULL 
114.0000    1    2.000   1.0000          left
116.0000    0   10.000   1.0000          NULL 
126.0000    1    2.000   1.0000          left
128.0000    0    8.000   1.0000          NULL 
136.0000    1    2.000   1.0000          left
138.0000    0    8.000   1.0000          NULL 
146.0000    2    2.000   1.0000         right
148.0000    0    8.000   1.0000          NULL 
156.0000    1    2.000   1.0000          left
158.0000    0    8.000   1.0000          NULL 
166.0000    1    2.000   1.0000          left
168.0000    0    6.000   1.0000          NULL 
174.0000    2    2.000   1.0000         right
176.0000    0    8.000   1.0000          NULL 
184.0000    2    2.000   1.0000         right
186.0000    0    6.000   1.0000          NULL 
192.0000    2    2.000   1.0000         right
194.0000    0    6.000   1.0000          NULL 
200.0000    2    2.000   1.0000         right
202.0000    0    6.000   1.0000          NULL 
208.0000    1    2.000   1.0000          left
210.0000    0    6.000   1.0000          NULL 
216.0000    1    2.000   1.0000          left
218.0000    0   12.000   1.0000          NULL 
230.0000    2    2.000   1.0000         right
232.0000    0    8.000   1.0000          NULL 
240.0000    2    2.000   1.0000         right
242.0000    0   10.000   1.0000          NULL 
252.0000    1    2.000   1.0000          left
254.0000    0    8.000   1.0000          NULL 
262.0000    2    2.000   1.0000         right
264.0000    0    6.000   1.0000          NULL 
270.0000    2    2.000   1.0000         right
272.0000    0   10.000   1.0000          NULL 
282.0000    2    2.000   1.0000         right
284.0000    0    6.000   1.0000          NULL 
290.0000    2    2.000   1.0000         right
292.0000    0    6.000   1.0000          NULL 
298.0000    2    2.000   1.0000         right
300.0000    0   20.000   1.0000          NULL 
