  0.0000    1    2.000   1.0000          left
  2.0000    0   10.000   1.0000          NULL 
 12.0000    1    2.000   1.0000          left
 14.0000    0    6.000   1.0000          NULL 
 20.0000    1    2.000   1.0000          left
 22.0000    0    6.000   1.0000          NULL 
 28.0000    2    2.000   1.0000         right
 30.0000    0    6.000   1.0000          NULL 
 36.0000    2    2.000   1.0000         right
 38.0000    0    6.000   1.0000          NULL 
 44.0000    1    2.000   1.0000          left
 46.0000    0   10.000   1.0000          NULL 
 56.0000    2    2.000   1.0000         right
 58.0000    0   12.000   1.0000          NULL 
 70.0000    2    2.000   1.0000         right
 72.0000    0    8.000   1.0000          NULL 
 80.0000    1    2.000   1.0000          left
 82.0000    0    6.000   1.0000          NULL 
 88.0000    2    2.000   1.0000         right
 90.0000    0    6.000   1.0000          NULL 
 96.0000    2    2.000   1.0000         right
 98.0000    0    6.000   1.0000          NULL 
104.0000    2    2.000   1.0000         right
106.0000    0   12.000   1.0000          NULL 
118.0000    1    2.000   1.0000          left
120.0000    0    6.000   1.0000          NULL 
126.0000    1    2.000   1.0000          left
128.0000    0    6.000   1.0000          NULL 
134.0000    2    2.000   1.0000         right
136.0000    0   10.000   1.0000          NULL 
146.0000    1    2.000   1.0000          left
148.0000    0    8.000   1.0000          NULL 
156.0000    1    2.000   1.0000          left
158.0000    0   10.000   1.0000          NULL 
168.0000    2    2.000   1.0000         right
170.0000    0   10.000   1.0000          NULL 
180.0000    2    2.000   1.0000         right
182.0000    0    8.000   1.0000          NULL 
190.0000    2    2.000   1.0000         right
192.0000    0    6.000   1.0000          NULL 
198.0000    2    2.000   1.0000         right
200.0000    0    6.000   1.0000          NULL 
206.0000    2    2.000   1.0000         right
208.0000    0    8.000   1.0000          NULL 
216.0000    1    2.000   1.0000          left
218.0000    0    8.000   1.0000          NULL 
226.0000    1    2.000   1.0000          left
228.0000    0    6.000   1.0000          NULL 
234.0000    1    2.000   1.0000          left
236.0000    0    6.000   1.0000          NULL 
242.0000    1    2.000   1.0000          left
244.0000    0   10.000   1.0000          NULL 
254.0000    2    2.000   1.0000         right
256.0000    0    6.000   1.0000          NULL 
262.0000    2    2.000   1.0000         right
264.0000    0    6.000   1.0000          NULL 
270.0000    2    2.000   1.0000         right
272.0000    0   10.000   1.0000          NULL 
282.0000    1    2.000   1.0000          left
284.0000    0    6.000   1.0000          NULL 
290.0000    1    2.000   1.0000          left
292.0000    0    8.000   1.0000          NULL 
300.0000    1    2.000   1.0000          left
302.0000    0   18.000   1.0000          NULL 
