  0.0000    1    2.000   1.0000          left
  2.0000    0    8.000   1.0000          NULL 
 10.0000    2    2.000   1.0000         right
 12.0000    0    6.000   1.0000          NULL 
 18.0000    1    2.000   1.0000          left
 20.0000    0    6.000   1.0000          NULL 
 26.0000    2    2.000   1.0000         right
 28.0000    0   12.000   1.0000          NULL 
 40.0000    1    2.000   1.0000          left
 42.0000    0    6.000   1.0000          NULL 
 48.0000    2    2.000   1.0000         right
 50.0000    0   12.000   1.0000          NULL 
 62.0000    2    2.000   1.0000         right
 64.0000    0    8.000   1.0000          NULL 
 72.0000    1    2.000   1.0000          left
 74.0000    0    6.000   1.0000          NULL 
 80.0000    1    2.000   1.0000          left
 82.0000    0    6.000   1.0000          NULL 
 88.0000    2    2.000   1.0000         right
 90.0000    0    8.000   1.0000          NULL 
 98.0000    2    2.000   1.0000         right
100.0000    0    6.000   1.0000          NULL 
106.0000    1    2.000   1.0000          left
108.0000    0    6.000   1.0000          NULL 
114.0000    1    2.000   1.0000          left
116.0000    0    8.000   1.0000          NULL 
124.0000    1    2.000   1.0000          left
126.0000    0    8.000   1.0000          NULL 
134.0000    2    2.000   1.0000         right
136.0000    0   10.000   1.0000          NULL 
146.0000    2    2.000   1.0000         right
148.0000    0    8.000   1.0000          NULL 
156.0000    1    2.000   1.0000          left
158.0000    0    8.000   1.0000          NULL 
166.0000    2    2.000   1.0000         right
168.0000    0    8.000   1.0000          NULL 
176.0000    2    2.000   1.0000         right
178.0000    0    6.000   1.0000          NULL 
184.0000    1    2.000   1.0000          left
186.0000    0    6.000   1.0000          NULL 
192.0000    1    2.000   1.0000          left
194.0000    0    6.000   1.0000          NULL 
200.0000    2    2.000   1.0000         right
202.0000    0    6.000   1.0000          NULL 
208.0000    2    2.000   1.0000         right
210.0000    0    6.000   1.0000          NULL 
216.0000    1    2.000   1.0000          left
218.0000    0    8.000   1.0000          NULL 
226.0000    2    2.000   1.0000         right
228.0000    0    6.000   1.0000          NULL 
234.0000    1    2.000   1.0000          left
236.0000    0    8.000   1.0000          NULL 
244.0000    1    2.000   1.0000          left
246.0000    0   12.000   1.0000          NULL 
258.0000    2    2.000   1.0000         right
260.0000    0    6.000   1.0000          NULL 
266.0000    1    2.000   1.0000          left
268.0000    0   12.000   1.0000          NULL 
280.0000    2    2.000   1.0000         right
282.0000    0    8.000   1.0000          NULL 
290.0000    1    2.000   1.0000          left
292.0000    0    6.000   1.0000          NULL 
298.0000    2    2.000   1.0000         right
300.0000    0   20.000   1.0000          NULL 
