  0.0000    2    2.000   1.0000         right
  2.0000    0    6.000   1.0000          NULL 
  8.0000    1    2.000   1.0000          left
 10.0000    0    8.000   1.0000          NULL 
 18.0000    2    2.000   1.0000         right
 20.0000    0    6.000   1.0000          NULL 
 26.0000    1    2.000   1.0000          left
 28.0000    0   10.000   1.0000          NULL 
 38.0000    2    2.000   1.0000         right
 40.0000    0    8.000   1.0000          NULL 
 48.0000    2    2.000   1.0000         right
 50.0000    0    6.000   1.0000          NULL 
 56.0000    2    2.000   1.0000         right
 58.0000    0   12.000   1.0000          NULL 
 70.0000    2    2.000   1.0000         right
 72.0000    0    8.000   1.0000          NULL 
 80.0000    2    2.000   1.0000         right
 82.0000    0    6.000   1.0000          NULL 
 88.0000    2    2.000   1.0000         right
 90.0000    0    8.000   1.0000          NULL 
 98.0000    2    2.000   1.0000         right
100.0000    0   10.000   1.0000          NULL 
110.0000    1    2.000   1.0000          left
112.0000    0    6.000   1.0000          NULL 
118.0000    2    2.000   1.0000         right
120.0000    0    6.000   1.0000          NULL 
126.0000    1    2.000   1.0000          left
128.0000    0    8.000   1.0000          NULL 
136.0000    1    2.000   1.0000          left
138.0000    0    8.000   1.0000          NULL 
146.0000    2    2.000   1.0000         right
148.0000    0    6.000   1.0000          NULL 
154.0000    2    2.000   1.0000         right
156.0000    0    6.000   1.0000          NULL 
162.0000    1    2.000   1.0000          left
164.0000    0    6.000   1.0000          NULL 
170.0000    2    2.000   1.0000         right
172.0000    0   14.000   1.0000          NULL 
186.0000    1    2.000   1.0000          left
188.0000    0    8.000   1.0000          NULL 
196.0000    2    2.000   1.0000         right
198.0000    0    8.000   1.0000          NULL 
206.0000    1    2.000   1.0000          left
208.0000    0    8.000   1.0000          NULL 
216.0000    1    2.000   1.0000          left
218.0000    0    6.000   1.0000          NULL 
224.0000    1    2.000   1.0000          left
226.0000    0    8.000   1.0000          NULL 
234.0000    1    2.000   1.0000          left
236.0000    0    8.000   1.0000          NULL 
244.0000    2    2.000   1.0000         right
246.0000    0   10.000   1.0000          NULL 
256.0000    1    2.000   1.0000          left
258.0000    0    6.000   1.0000          NULL 
264.0000    1    2.000   1.0000          left
266.0000    0    6.000   1.0000          NULL 
272.0000    2    2.000   1.0000         right
274.0000    0    6.000   1.0000          NULL 
280.0000    1    2.000   1.0000          left
282.0000    0   10.000   1.0000          NULL 
292.0000    1    2.000   1.0000          left
294.0000    0    6.000   1.0000          NULL 
300.0000    1    2.000   1.0000          left
302.0000    0   18.000   1.0000          NULL 
