  0.0000    1    2.000   1.0000          left
  2.0000    0    6.000   1.0000          NULL 
  8.0000    2    2.000   1.0000         right
 10.0000    0   14.000   1.0000          NULL 
 24.0000    2    2.000   1.0000         right
 26.0000    0   10.000   1.0000          NULL 
 36.0000    2    2.000   1.0000         right
 38.0000    0    6.000   1.0000          NULL 
 44.0000    2    2.000   1.0000         right
 46.0000    0    6.000   1.0000          NULL 
 52.0000    1    2.000   1.0000          left
 54.0000    0    6.000   1.0000          NULL 
 60.0000    1    2.000   1.0000          left
 62.0000    0    6.000   1.0000          NULL 
 68.0000    2    2.000   1.0000         right
 70.0000    0    6.000   1.0000          NULL 
 76.0000    1    2.000   1.0000          left
 78.0000    0    8.000   1.0000          NULL 
 86.0000    1    2.000   1.0000          left
 88.0000    0   10.000   1.0000          NULL 
 98.0000    1    2.000   1.0000          left
100.0000    0    6.000   1.0000          NULL 
106.0000    1    2.000   1.0000          left
108.0000    0    8.000   1.0000          NULL 
116.0000    2    2.000   1.0000         right
118.0000    0    8.000   1.0000          NULL 
126.0000    2    2.000   1.0000         right
128.0000    0    6.000   1.0000          NULL 
134.0000    2    2.000   1.0000         right
136.0000    0    6.000   1.0000          NULL 
142.0000    1    2.000   1.0000          left
144.0000    0   12.000   1.0000          NULL 
156.0000    2    2.000   1.0000         right
158.0000    0    8.000   1.0000          NULL 
166.0000    2    2.000   1.0000         right
168.0000    0    6.000   1.0000          NULL 
174.0000    2    2.000   1.0000         right
176.0000    0    8.000   1.0000          NULL 
184.0000    1    2.000   1.0000          left
186.0000    0    6.000   1.0000          NULL 
192.0000    1    2.000   1.0000          left
194.0000    0    6.000   1.0000          NULL 
200.0000    1    2.000   1.0000          left
202.0000    0   10.000   1.0000          NULL 
212.0000    1    2.000   1.0000          left
214.0000    0    6.000   1.0000          NULL 
220.0000    2    2.000   1.0000         right
222.0000    0    8.000   1.0000          NULL 
230.0000    2    2.000   1.0000         right
232.0000    0    8.000   1.0000          NULL 
240.0000    1    2.000   1.0000          left
242.0000    0    6.000   1.0000          NULL 
248.0000    2    2.000   1.0000         right
250.0000    0    6.000   1.0000          NULL 
256.0000    2    2.000   1.0000         right
258.0000    0    6.000   1.0000          NULL 
264.0000    1    2.000   1.0000          left
266.0000    0   12.000   1.0000          NULL 
278.0000    1    2.000   1.0000          left
280.0000    0    8.000   1.0000          NULL 
288.0000    2    2.000   1.0000         right
290.0000    0    6.000   1.0000          NULL 
296.0000    1    2.000   1.0000          left
298.0000    0   22.000   1.0000          NULL 
