  0.0000    1    2.000   1.0000          left
  2.0000    0    6.000   1.0000          NULL 
  8.0000    1    2.000   1.0000          left
 10.0000    0    6.000   1.0000          NULL 
 16.0000    1    2.000   1.0000          left
 18.0000    0    6.000   1.0000          NULL 
 24.0000    2    2.000   1.0000         right
 26.0000    0    6.000   1.0000          NULL 
 32.0000    2    2.000   1.0000         right
 34.0000    0   10.000   1.0000          NULL 
 44.0000    1    2.000   1.0000          left
 46.0000    0    6.000   1.0000          NULL 
 52.0000    2    2.000   1.0000         right
 54.0000    0    6.000   1.0000          NULL 
 60.0000    2    2.000   1.0000         right
 62.0000    0   10.000   1.0000          NULL 
 72.0000    1    2.000   1.0000          left
 74.0000    0    6.000   1.0000          NULL 
 80.0000    2    2.000   1.0000         right
 82.0000    0    6.000   1.0000          NULL 
 88.0000    1    2.000   1.0000          left
 90.0000    0    8.000   1.0000          NULL 
 98.0000    1    2.000   1.0000          left
100.0000    0    6.000   1.0000          NULL 
106.0000    1    2.000   1.0000          left
108.0000    0    6.000   1.0000          NULL 
114.0000    1    2.000   1.0000          left
116.0000    0    8.000   1.0000          NULL 
124.0000    2    2.000   1.0000         right
126.0000    0   14.000   1.0000          NULL 
140.0000    1    2.000   1.0000          left
142.0000    0    8.000   1.0000          NULL 
150.0000    2    2.000   1.0000         right
152.0000    0    6.000   1.0000          NULL 
158.0000    2    2.000   1.0000         right
160.0000    0   14.000   1.0000          NULL 
174.0000    2    2.000   1.0000         right
176.0000    0    6.000   1.0000          NULL 
182.0000    2    2.000   1.0000         right
184.0000    0   14.000   1.0000          NULL 
198.0000    2    2.000   1.0000         right
200.0000    0    6.000   1.0000          NULL 
206.0000    1    2.000   1.0000          left
208.0000    0    8.000   1.0000          NULL 
216.0000    2    2.000   1.0000         right
218.0000    0    8.000   1.0000          NULL 
226.0000    1    2.000   1.0000          left
228.0000    0    6.000   1.0000          NULL 
234.0000    2    2.000   1.0000         right
236.0000    0    6.000   1.0000          NULL 
242.0000    2    2.000   1.0000         right
244.0000    0    6.000   1.0000          NULL 
250.0000    1    2.000   1.0000          left
252.0000    0    8.000   1.0000          NULL 
260.0000    1    2.000   1.0000          left
262.0000    0   12.000   1.0000          NULL 
274.0000    2    2.000   1.0000         right
276.0000    0    8.000   1.0000          NULL 
284.0000    1    2.000   1.0000          left
286.0000    0    6.000   1.0000          NULL 
292.0000    1    2.000   1.0000          left
294.0000    0    6.000   1.0000          NULL 
300.0000    2    2.000   1.0000         right
302.0000    0   18.000   1.0000          NULL 
