  0.0000    1    2.000   1.0000          left
  2.0000    0    8.000   1.0000          NULL 
 10.0000    1    2.000   1.0000          left
 12.0000    0    6.000   1.0000          NULL 
 18.0000    2    2.000   1.0000         right
 20.0000    0   10.000   1.0000          NULL 
 30.0000    1    2.000   1.0000          left
 32.0000    0    6.000   1.0000          NULL 
 38.0000    2    2.000   1.0000         right
 40.0000    0    6.000   1.0000          NULL 
 46.0000    2    2.000   1.0000         right
 48.0000    0    8.000   1.0000          NULL 
 56.0000    1    2.000   1.0000          left
 58.0000    0    6.000   1.0000          NULL 
 64.0000    2    2.000   1.0000         right
 66.0000    0    6.000   1.0000          NULL 
 72.0000    2    2.000   1.0000         right
 74.0000    0    6.000   1.0000          NULL 
 80.0000    1    2.000   1.0000          left
 82.0000    0    6.000   1.0000          NULL 
 88.0000    2    2.000   1.0000         right
 90.0000    0    6.000   1.0000          NULL 
 96.0000    1    2.000   1.0000          left
 98.0000    0   10.000   1.0000          NULL 
108.0000    1    2.000   1.0000          left
110.0000    0    6.000   1.0000          NULL 
116.0000    1    2.000   1.0000          left
118.0000    0   14.000   1.0000          NULL 
132.0000    1    2.000   1.0000          left
134.0000    0    6.000   1.0000          NULL 
140.0000    1    2.000   1.0000          left
142.0000    0    6.000   1.0000          NULL 
148.0000    2    2.000   1.0000         right
150.0000    0   10.000   1.0000          NULL 
160.0000    2    2.000   1.0000         right
162.0000    0    6.000   1.0000          NULL 
168.0000    1    2.000   1.0000          left
170.0000    0    6.000   1.0000          NULL 
176.0000    2    2.000   1.0000         right
178.0000    0   14.000   1.0000          NULL 
192.0000    1    2.000   1.0000          left
194.0000    0    6.000   1.0000          NULL 
200.0000    2    2.000   1.0000         right
202.0000    0    6.000   1.0000          NULL 
208.0000    2    2.000   1.0000         right
210.0000    0    6.000   1.0000          NULL 
216.0000    1    2.000   1.0000          left
218.0000    0   10.000   1.0000          NULL 
228.0000    1    2.000   1.0000          left
230.0000    0   14.000   1.0000          NULL 
244.0000    1    2.000   1.0000          left
246.0000    0    6.000   1.0000          NULL 
252.0000    2    2.000   1.0000         right
254.0000    0    6.000   1.0000          NULL 
260.0000    2    2.000   1.0000         right
262.0000    0   10.000   1.0000          NULL 
272.0000    2    2.000   1.0000         right
274.0000    0    8.000   1.0000          NULL 
282.0000    1    2.000   1.0000          left
284.0000    0    6.000   1.0000          NULL 
290.0000    2    2.000   1.0000         right
292.0000    0    6.000   1.0000          NULL 
298.0000    2    2.000   1.0000         right
300.0000    0   20.000   1.0000          NULL 
