  0.0000    1    2.000   1.0000          left
  2.0000    0    6.000   1.0000          NULL 
  8.0000    1    2.000   1.0000          left
 10.0000    0    8.000   1.0000          NULL 
 18.0000    1    2.000   1.0000          left
 20.0000    0    6.000   1.0000          NULL 
 26.0000    2    2.000   1.0000         right
 28.0000    0    8.000   1.0000          NULL 
 36.0000    2    2.000   1.0000         right
 38.0000    0    8.000   1.0000          NULL 
 46.0000    1    2.000   1.0000          left
 48.0000    0    8.000   1.0000          NULL 
 56.0000    1    2.000   1.0000          left
 58.0000    0    6.000   1.0000          NULL 
 64.0000    2    2.000   1.0000         right
 66.0000    0    6.000   1.0000          NULL 
 72.0000    2    2.000   1.0000         right
 74.0000    0    8.000   1.0000          NULL 
 82.0000    2    2.000   1.0000         right
 84.0000    0    6.000   1.0000          NULL 
 90.0000    1    2.000   1.0000          left
 92.0000    0    8.000   1.0000          NULL 
100.0000    2    2.000   1.0000         right
102.0000    0    6.000   1.0000          NULL 
108.0000    1    2.000   1.0000          left
110.0000    0    6.000   1.0000          NULL 
116.0000    1    2.000   1.0000          left
118.0000    0    8.000   1.0000          NULL 
126.0000    1    2.000   1.0000          left
128.0000    0    6.000   1.0000          NULL 
134.0000    1    2.000   1.0000          left
136.0000    0    8.000   1.0000          NULL 
144.0000    1    2.000   1.0000          left
146.0000    0   10.000   1.0000          NULL 
156.0000    2    2.000   1.0000         right
158.0000    0    6.000   1.0000          NULL 
164.0000    2    2.000   1.0000         right
166.0000    0    8.000   1.0000          NULL 
174.0000    2    2.000   1.0000         right
176.0000    0    6.000   1.0000          NULL 
182.0000    1    2.000   1.0000          left
184.0000    0   14.000   1.0000          NULL 
198.0000    2    2.000   1.0000         right
200.0000    0   12.000   1.0000          NULL 
212.0000    2    2.000   1.0000         right
214.0000    0    6.000   1.0000          NULL 
220.0000    1    2.000   1.0000          left
222.0000    0    6.000   1.0000          NULL 
228.0000    2    2.000   1.0000         right
230.0000    0    8.000   1.0000          NULL 
238.0000    1    2.000   1.0000          left
240.0000    0   14.000   1.0000          NULL 
254.0000    2    2.000   1.0000         right
256.0000    0    6.000   1.0000          NULL 
262.0000    2    2.000   1.0000         right
264.0000    0   12.000   1.0000          NULL 
276.0000    1    2.000   1.0000          left
278.0000    0    6.000   1.0000          NULL 
284.0000    2    2.000   1.0000         right
286.0000    0    6.000   1.0000          NULL 
292.0000    2    2.000   1.0000         right
294.0000    0    6.000   1.0000          NULL 
300.0000    1    2.000   1.0000          left
302.0000    0   18.000   1.0000          NULL 
