  0.0000    2    2.000   1.0000         right
  2.0000    0    8.000   1.0000          NULL 
 10.0000    1    2.000   1.0000          left
 12.0000    0    6.000   1.0000          NULL 
 18.0000    1    2.000   1.0000          left
 20.0000    0    8.000   1.0000          NULL 
 28.0000    2    2.000   1.0000         right
 30.0000    0    6.000   1.0000          NULL 
 36.0000    2    2.000   1.0000         right
 38.0000    0   10.000   1.0000          NULL 
 48.0000    1    2.000   1.0000          left
 50.0000    0    8.000   1.0000          NULL 
 58.0000    2    2.000   1.0000         right
 60.0000    0   10.000   1.0000          NULL 
 70.0000    2    2.000   1.0000         right
 72.0000    0    8.000   1.0000          NULL 
 80.0000    2    2.000   1.0000         right
 82.0000    0    6.000   1.0000          NULL 
 88.0000    1    2.000   1.0000          left
 90.0000    0    6.000   1.0000          NULL 
 96.0000    2    2.000   1.0000         right
 98.0000    0    6.000   1.0000          NULL 
104.0000    1    2.000   1.0000          left
106.0000    0    6.000   1.0000          NULL 
112.0000    2    2.000   1.0000         right
114.0000    0    8.000   1.0000          NULL 
122.0000    1    2.000   1.0000          left
124.0000    0   14.000   1.0000          NULL 
138.0000    2    2.000   1.0000         right
140.0000    0    6.000   1.0000          NULL 
146.0000    1    2.000   1.0000          left
148.0000    0    6.000   1.0000          NULL 
154.0000    1    2.000   1.0000          left
156.0000    0    6.000   1.0000          NULL 
162.0000    2    2.000   1.0000         right
164.0000    0    8.000   1.0000          NULL 
172.0000    1    2.000   1.0000          left
174.0000    0    6.000   1.0000          NULL 
180.0000    2    2.000   1.0000         right
182.0000    0    8.000   1.0000          NULL 
190.0000    1    2.000   1.0000          left
192.0000    0    8.000   1.0000          NULL 
200.0000    2    2.000   1.0000         right
202.0000    0    6.000   1.0000          NULL 
208.0000    1    2.000   1.0000          left
210.0000    0   16.000   1.0000          NULL 
226.0000    1    2.000   1.0000          left
228.0000    0    6.000   1.0000          NULL 
234.0000    1    2.000   1.0000          left
236.0000    0    6.000   1.0000          NULL 
242.0000    1    2.000   1.0000          left
244.0000    0    6.000   1.0000          NULL 
250.0000    2    2.000   1.0000         right
252.0000    0    8.000   1.0000          NULL 
260.0000    2    2.000   1.0000         right
262.0000    0    6.000   1.0000          NULL 
268.0000    2    2.000   1.0000         right
270.0000    0    6.000   1.0000          NULL 
276.0000    1    2.000   1.0000          left
278.0000    0    8.000   1.0000          NULL 
286.0000    1    2.000   1.0000          left
288.0000    0    8.000   1.0000          NULL 
296.0000    2    2.000   1.0000         right
298.0000    0   22.000   1.0000          NULL 
