  0.0000    1    2.000   1.0000          left
  2.0000    0    6.000   1.0000          NULL 
  8.0000    2    2.000   1.0000         right
 10.0000    0    6.000   1.0000          NULL 
 16.0000    2    2.000   1.0000         right
 18.0000    0   10.000   1.0000          NULL 
 28.0000    2    2.000   1.0000         right
 30.0000    0    6.000   1.0000          NULL 
 36.0000    2    2.000   1.0000         right
 38.0000    0    8.000   1.0000          NULL 
 46.0000    2    2.000   1.0000         right
 48.0000    0    8.000   1.0000          NULL 
 56.0000    1    2.000   1.0000          left
 58.0000    0    6.000   1.0000          NULL 
 64.0000    1    2.000   1.0000          left
 66.0000    0    8.000   1.0000          NULL 
 74.0000    1    2.000   1.0000          left
 76.0000    0    6.000   1.0000          NULL 
 82.0000    2    2.000   1.0000         right
 84.0000    0    8.000   1.0000          NULL 
 92.0000    1    2.000   1.0000          left
 94.0000    0   10.000   1.0000          NULL 
104.0000    2    2.000   1.0000         right
106.0000    0    6.000   1.0000          NULL 
112.0000    1    2.000   1.0000          left
114.0000    0    8.000   1.0000          NULL 
122.0000    2    2.000   1.0000         right
124.0000    0   10.000   1.0000          NULL 
134.0000    1    2.000   1.0000          left
136.0000    0   14.000   1.0000          NULL 
150.0000    2    2.000   1.0000         right
152.0000    0    6.000   1.0000          NULL 
158.0000    2    2.000   1.0000         right
160.0000    0    8.000   1.0000          NULL 
168.0000    1    2.000   1.0000          left
170.0000    0    6.000   1.0000          NULL 
176.0000    2    2.000   1.0000         right
178.0000    0    8.000   1.0000          NULL 
186.0000    2    2.000   1.0000         right
188.0000    0    6.000   1.0000          NULL 
194.0000    2    2.000   1.0000         right
196.0000    0    6.000   1.0000          NULL 
202.0000    1    2.000   1.0000          left
204.0000    0    6.000   1.0000          NULL 
210.0000    1    2.000   1.0000          left
212.0000    0   14.000   1.0000          NULL 
226.0000    2    2.000   1.0000         right
228.0000    0    6.000   1.0000          NULL 
234.0000    1    2.000   1.0000          left
236.0000    0   10.000   1.0000          NULL 
246.0000    1    2.000   1.0000          left
248.0000    0    6.000   1.0000          NULL 
254.0000    1    2.000   1.0000          left
256.0000    0    6.000   1.0000          NULL 
262.0000    2    2.000   1.0000         right
264.0000    0    8.000   1.0000          NULL 
272.0000    1    2.000   1.0000          left
274.0000    0    8.000   1.0000          NULL 
282.0000    2    2.000   1.0000         right
284.0000    0    8.000   1.0000          NULL 
292.0000    1    2.000   1.0000          left
294.0000    0    6.000   1.0000          NULL 
300.0000    1    2.000   1.0000          left
302.0000    0   18.000   1.0000          NULL 
