  0.0000    2    2.000   1.0000         right
  2.0000    0    6.000   1.0000          NULL 
  8.0000    1    2.000   1.0000          left
 10.0000    0    8.000   1.0000          NULL 
 18.0000    1    2.000   1.0000          left
 20.0000    0   14.000   1.0000          NULL 
 34.0000    1    2.000   1.0000          left
 36.0000    0    6.000   1.0000          NULL 
 42.0000    2    2.000   1.0000         right
 44.0000    0    8.000   1.0000          NULL 
 52.0000    1    2.000   1.0000          left
 54.0000    0    8.000   1.0000          NULL 
 62.0000    1    2.000   1.0000          left
 64.0000    0   10.000   1.0000          NULL 
 74.0000    1    2.000   1.0000          left
 76.0000    0    8.000   1.0000          NULL 
 84.0000    2    2.000   1.0000         right
 86.0000    0    6.000   1.0000          NULL 
 92.0000    2    2.000   1.0000         right
 94.0000    0    8.000   1.0000          NULL 
102.0000    1    2.000   1.0000          left
104.0000    0    6.000   1.0000          NULL 
110.0000    1    2.000   1.0000          left
112.0000    0    6.000   1.0000          NULL 
118.0000    2    2.000   1.0000         right
120.0000    0    8.000   1.0000          NULL 
128.0000    1    2.000   1.0000          left
130.0000    0    6.000   1.0000          NULL 
136.0000    1    2.000   1.0000          left
138.0000    0    8.000   1.0000          NULL 
146.0000    2    2.000   1.0000         right
148.0000    0    6.000   1.0000          NULL 
154.0000    2    2.000   1.0000         right
156.0000    0    6.000   1.0000          NULL 
162.0000    2    2.000   1.0000         right
164.0000    0    6.000   1.0000          NULL 
170.0000    2    2.000   1.0000         right
172.0000    0    6.000   1.0000          NULL 
178.0000    1    2.000   1.0000          left
180.0000    0   10.000   1.0000          NULL 
190.0000    1    2.000   1.0000          left
192.0000    0    6.000   1.0000          NULL 
198.0000    2    2.000   1.0000         right
200.0000    0   10.000   1.0000          NULL 
210.0000    2    2.000   1.0000         right
212.0000    0    8.000   1.0000          NULL 
220.0000    1    2.000   1.0000          left
222.0000    0   10.000   1.0000          NULL 
232.0000    2    2.000   1.0000         right
234.0000    0    6.000   1.0000          NULL 
240.0000    2    2.000   1.0000         right
242.0000    0    6.000   1.0000          NULL 
248.0000    1    2.000   1.0000          left
250.0000    0   10.000   1.0000          NULL 
260.0000    1    2.000   1.0000          left
262.0000    0    6.000   1.0000          NULL 
268.0000    2    2.000   1.0000         right
270.0000    0   10.000   1.0000          NULL 
280.0000    2    2.000   1.0000         right
282.0000    0    6.000   1.0000          NULL 
288.0000    2    2.000   1.0000         right
290.0000    0   10.000   1.0000          NULL 
300.0000    1    2.000   1.0000          left
302.0000    0   18.000   1.0000          NULL 
