  0.0000    1    2.000   1.0000          left
  2.0000    0    6.000   1.0000          NULL 
  8.0000    1    2.000   1.0000          left
 10.0000    0    8.000   1.0000          NULL 
 18.0000    2    2.000   1.0000         right
 20.0000    0    6.000   1.0000          NULL 
 26.0000    1    2.000   1.0000          left
 28.0000    0    6.000   1.0000          NULL 
 34.0000    1    2.000   1.0000          left
 36.0000    0    6.000   1.0000          NULL 
 42.0000    2    2.000   1.0000         right
 44.0000    0    6.000   1.0000          NULL 
 50.0000    2    2.000   1.0000         right
 52.0000    0    8.000   1.0000          NULL 
 60.0000    2    2.000   1.0000         right
 62.0000    0    6.000   1.0000          NULL 
 68.0000    2    2.000   1.0000         right
 70.0000    0    8.000   1.0000          NULL 
 78.0000    2    2.000   1.0000         right
 80.0000    0    8.000   1.0000          NULL 
 88.0000    2    2.000   1.0000         right
 90.0000    0    8.000   1.0000          NULL 
 98.0000    1    2.000   1.0000          left
100.0000    0    6.000   1.0000          NULL 
106.0000    2    2.000   1.0000         right
108.0000    0    6.000   1.0000          NULL 
114.0000    1    2.000   1.0000          left
116.0000    0    8.000   1.0000          NULL 
124.0000    1    2.000   1.0000          left
126.0000    0   12.000   1.0000          NULL 
138.0000    1    2.000   1.0000          left
140.0000    0    8.000   1.0000          NULL 
148.0000    1    2.000   1.0000          left
150.0000    0    6.000   1.0000          NULL 
156.0000    2    2.000   1.0000         right
158.0000    0    6.000   1.0000          NULL 
164.0000    2    2.000   1.0000         right
166.0000    0   12.000   1.0000          NULL 
178.0000    2    2.000   1.0000         right
180.0000    0    6.000   1.0000          NULL 
186.0000    1    2.000   1.0000          left
188.0000    0    6.000   1.0000          NULL 
194.0000    2    2.000   1.0000         right
196.0000    0   14.000   1.0000          NULL 
210.0000    2    2.000   1.0000         right
212.0000    0    6.000   1.0000          NULL 
218.0000    1    2.000   1.0000          left
220.0000    0    8.000   1.0000          NULL 
228.0000    1    2.000   1.0000          left
230.0000    0    8.000   1.0000          NULL 
238.0000    1    2.000   1.0000          left
240.0000    0    6.000   1.0000          NULL 
246.0000    1    2.000   1.0000          left
248.0000    0   12.000   1.0000          NULL 
260.0000    2    2.000   1.0000         right
262.0000    0   10.000   1.0000          NULL 
272.0000    1    2.000   1.0000          left
274.0000    0    8.000   1.0000          NULL 
282.0000    2    2.000   1.0000         right
284.0000    0    8.000   1.0000          NULL 
292.0000    1    2.000   1.0000          left
294.0000    0    6.000   1.0000          NULL 
300.0000    2    2.000   1.0000         right
302.0000    0   18.000   1.0000          NULL 
