  0.0000    1    2.000   1.0000          evt1
  2.0000    1    2.000   1.0000          evt1
  4.0000    0   12.000   1.0000          NULL 
 16.0000    1    2.000   1.0000          evt1
 18.0000    0    4.000   1.0000          NULL 
 22.0000    1    2.000   1.0000          evt1
 24.0000    0    2.000   1.0000          NULL 
 26.0000    1    2.000   1.0000          evt1
 28.0000    1    2.000   1.0000          evt1
 30.0000    0    6.000   1.0000          NULL 
 36.0000    1    2.000   1.0000          evt1
 38.0000    0    8.000   1.0000          NULL 
 46.0000    1    2.000   1.0000          evt1
 48.0000    1    2.000   1.0000          evt1
 50.0000    0   10.000   1.0000          NULL 
 60.0000    1    2.000   1.0000          evt1
 62.0000    0    8.000   1.0000          NULL 
 70.0000    1    2.000   1.0000          evt1
 72.0000    0    4.000   1.0000          NULL 
 76.0000    1    2.000   1.0000          evt1
 78.0000    1    2.000   1.0000          evt1
 80.0000    0    8.000   1.0000          NULL 
 88.0000    1    2.000   1.0000          evt1
 90.0000    0    6.000   1.0000          NULL 
 96.0000    1    2.000   1.0000          evt1
 98.0000    0    4.000   1.0000          NULL 
102.0000    1    2.000   1.0000          evt1
104.0000    1    2.000   1.0000          evt1
106.0000    0   12.000   1.0000          NULL 
118.0000    1    2.000   1.0000          evt1
120.0000    0    2.000   1.0000          NULL 
122.0000    1    2.000   1.0000          evt1
124.0000    0    2.000   1.0000          NULL 
126.0000    1    2.000   1.0000          evt1
128.0000    0   14.000   1.0000          NULL 
142.0000    1    2.000   1.0000          evt1
144.0000    0    2.000   1.0000          NULL 
146.0000    1    2.000   1.0000          evt1
148.0000    0   12.000   1.0000          NULL 
160.0000    1    2.000   1.0000          evt1
162.0000    1    2.000   1.0000          evt1
164.0000    0    2.000   1.0000          NULL 
166.0000    1    2.000   1.0000          evt1
168.0000    1    2.000   1.0000          evt1
170.0000    1    2.000   1.0000          evt1
172.0000    0    4.000   1.0000          NULL 
176.0000    1    2.000   1.0000          evt1
178.0000    0    8.000   1.0000          NULL 
186.0000    1    2.000   1.0000          evt1
188.0000    1    2.000   1.0000          evt1
190.0000    0   10.000   1.0000          NULL 
