  0.0000    1    2.000   1.0000          left
  2.0000    0   16.000   1.0000          NULL 
 18.0000    2    2.000   1.0000         right
 20.0000    0    8.000   1.0000          NULL 
 28.0000    1    2.000   1.0000          left
 30.0000    0    6.000   1.0000          NULL 
 36.0000    1    2.000   1.0000          left
 38.0000    0    6.000   1.0000          NULL 
 44.0000    1    2.000   1.0000          left
 46.0000    0    8.000   1.0000          NULL 
 54.0000    2    2.000   1.0000         right
 56.0000    0    6.000   1.0000          NULL 
 62.0000    2    2.000   1.0000         right
 64.0000    0    6.000   1.0000          NULL 
 70.0000    1    2.000   1.0000          left
 72.0000    0    6.000   1.0000          NULL 
 78.0000    1    2.000   1.0000          left
 80.0000    0    8.000   1.0000          NULL 
 88.0000    2    2.000   1.0000         right
 90.0000    0   10.000   1.0000          NULL 
100.0000    1    2.000   1.0000          left
102.0000    0    6.000   1.0000          NULL 
108.0000    2    2.000   1.0000         right
110.0000    0    6.000   1.0000          NULL 
116.0000    2    2.000   1.0000         right
118.0000    0    6.000   1.0000          NULL 
124.0000    2    2.000   1.0000         right
126.0000    0    6.000   1.0000          NULL 
132.0000    1    2.000   1.0000          left
134.0000    0    6.000   1.0000          NULL 
140.0000    2    2.000   1.0000         right
142.0000    0    8.000   1.0000          NULL 
150.0000    1    2.000   1.0000          left
152.0000    0   10.000   1.0000          NULL 
162.0000    2    2.000   1.0000         right
164.0000    0    8.000   1.0000          NULL 
172.0000    1    2.000   1.0000          left
174.0000    0    8.000   1.0000          NULL 
182.0000    1    2.000   1.0000          left
184.0000    0    6.000   1.0000          NULL 
190.0000    1    2.000   1.0000          left
192.0000    0   10.000   1.0000          NULL 
202.0000    2    2.000   1.0000         right
204.0000    0    8.000   1.0000          NULL 
212.0000    2    2.000   1.0000         right
214.0000    0    8.000   1.0000          NULL 
222.0000    1    2.000   1.0000          left
224.0000    0   14.000   1.0000          NULL 
238.0000    2    2.000   1.0000         right
240.0000    0    6.000   1.0000          NULL 
246.0000    1    2.000   1.0000          left
248.0000    0    6.000   1.0000          NULL 
254.0000    2    2.000   1.0000         right
256.0000    0    6.000   1.0000          NULL 
262.0000    1    2.000   1.0000          left
264.0000    0    6.000   1.0000          NULL 
270.0000    2    2.000   1.0000         right
272.0000    0   10.000   1.0000          NULL 
282.0000    2    2.000   1.0000         right
284.0000    0    6.000   1.0000          NULL 
290.0000    1    2.000   1.0000          left
292.0000    0    8.000   1.0000          NULL 
300.0000    2    2.000   1.0000         right
302.0000    0   18.000   1.0000          NULL 
