  0.0000    2    2.000   1.0000         right
  2.0000    0    6.000   1.0000          NULL 
  8.0000    2    2.000   1.0000         right
 10.0000    0    6.000   1.0000          NULL 
 16.0000    2    2.000   1.0000         right 
 18.0000    0   10.000   1.0000          NULL 
 28.0000    1    2.000   1.0000          left
 30.0000    0    8.000   1.0000          NULL 
 38.0000    1    2.000   1.0000          left
 40.0000    0    6.000   1.0000          NULL 
 46.0000    1    2.000   1.0000          left
 48.0000    0    6.000   1.0000          NULL 
 54.0000    1    2.000   1.0000          left
 56.0000    0    6.000   1.0000          NULL 
 62.0000    1    2.000   1.0000          left
 64.0000    0    6.000   1.0000          NULL 
 70.0000    1    2.000   1.0000          left
 72.0000    0   10.000   1.0000          NULL 
 82.0000    1    2.000   1.0000          left
 84.0000    0    8.000   1.0000          NULL 
 92.0000    2    2.000   1.0000         right
 94.0000    0    8.000   1.0000          NULL 
102.0000    1    2.000   1.0000          left
104.0000    0    6.000   1.0000          NULL 
110.0000    2    2.000   1.0000         right
112.0000    0    6.000   1.0000          NULL 
118.0000    1    2.000   1.0000          left
120.0000    0   12.000   1.0000          NULL 
132.0000    2    2.000   1.0000         right
134.0000    0    8.000   1.0000          NULL 
142.0000    1    2.000   1.0000          left
144.0000    0    6.000   1.0000          NULL 
150.0000    1    2.000   1.0000          left
152.0000    0   10.000   1.0000          NULL 
162.0000    1    2.000   1.0000          left
164.0000    0    6.000   1.0000          NULL 
170.0000    2    2.000   1.0000         right
172.0000    0    6.000   1.0000          NULL 
178.0000    2    2.000   1.0000         right
180.0000    0    8.000   1.0000          NULL 
188.0000    1    2.000   1.0000          left
190.0000    0    6.000   1.0000          NULL 
196.0000    2    2.000   1.0000         right
198.0000    0    6.000   1.0000          NULL 
204.0000    2    2.000   1.0000         right
206.0000    0    6.000   1.0000          NULL 
212.0000    2    2.000   1.0000         right
214.0000    0    6.000   1.0000          NULL 
220.0000    1    2.000   1.0000          left
222.0000    0    6.000   1.0000          NULL 
228.0000    2    2.000   1.0000         right
230.0000    0    8.000   1.0000          NULL 
238.0000    2    2.000   1.0000         right
240.0000    0    6.000   1.0000          NULL 
246.0000    2    2.000   1.0000         right
248.0000    0    6.000   1.0000          NULL 
254.0000    2    2.000   1.0000         right
256.0000    0    6.000   1.0000          NULL 
262.0000    1    2.000   1.0000          left
264.0000    0   16.000   1.0000          NULL 
280.0000    2    2.000   1.0000         right
282.0000    0   14.000   1.0000          NULL 
296.0000    1    2.000   1.0000          left
298.0000    0   22.000   1.0000          NULL 
