  0.0000    1    2.000   1.0000          left
  2.0000    0    6.000   1.0000          NULL 
  8.0000    1    2.000   1.0000          left
 10.0000    0    6.000   1.0000          NULL 
 16.0000    1    2.000   1.0000          left
 18.0000    0    6.000   1.0000          NULL 
 24.0000    2    2.000   1.0000         right
 26.0000    0    6.000   1.0000          NULL 
 32.0000    1    2.000   1.0000          left
 34.0000    0    8.000   1.0000          NULL 
 42.0000    1    2.000   1.0000          left
 44.0000    0    6.000   1.0000          NULL 
 50.0000    2    2.000   1.0000         right
 52.0000    0    6.000   1.0000          NULL 
 58.0000    1    2.000   1.0000          left
 60.0000    0   10.000   1.0000          NULL 
 70.0000    1    2.000   1.0000          left
 72.0000    0    8.000   1.0000          NULL 
 80.0000    1    2.000   1.0000          left
 82.0000    0    8.000   1.0000          NULL 
 90.0000    1    2.000   1.0000          left
 92.0000    0   12.000   1.0000          NULL 
104.0000    2    2.000   1.0000         right
106.0000    0    6.000   1.0000          NULL 
112.0000    1    2.000   1.0000          left
114.0000    0    6.000   1.0000          NULL 
120.0000    2    2.000   1.0000         right
122.0000    0    6.000   1.0000          NULL 
128.0000    2    2.000   1.0000         right
130.0000    0    6.000   1.0000          NULL 
136.0000    2    2.000   1.0000         right
138.0000    0    8.000   1.0000          NULL 
146.0000    2    2.000   1.0000         right
148.0000    0    6.000   1.0000          NULL 
154.0000    1    2.000   1.0000          left
156.0000    0    8.000   1.0000          NULL 
164.0000    2    2.000   1.0000         right
166.0000    0    8.000   1.0000          NULL 
174.0000    2    2.000   1.0000         right
176.0000    0    6.000   1.0000          NULL 
182.0000    1    2.000   1.0000          left
184.0000    0   10.000   1.0000          NULL 
194.0000    2    2.000   1.0000         right
196.0000    0    6.000   1.0000          NULL 
202.0000    2    2.000   1.0000         right
204.0000    0    6.000   1.0000          NULL 
210.0000    1    2.000   1.0000          left
212.0000    0   10.000   1.0000          NULL 
222.0000    2    2.000   1.0000         right
224.0000    0    8.000   1.0000          NULL 
232.0000    2    2.000   1.0000         right
234.0000    0   10.000   1.0000          NULL 
244.0000    1    2.000   1.0000          left
246.0000    0    6.000   1.0000          NULL 
252.0000    2    2.000   1.0000         right
254.0000    0    8.000   1.0000          NULL 
262.0000    2    2.000   1.0000         right
264.0000    0    8.000   1.0000          NULL 
272.0000    1    2.000   1.0000          left
274.0000    0   14.000   1.0000          NULL 
288.0000    2    2.000   1.0000         right
290.0000    0    8.000   1.0000          NULL 
298.0000    1    2.000   1.0000          left
300.0000    0   20.000   1.0000          NULL 
