  0.0000    1    2.000   1.0000          left
  2.0000    0    8.000   1.0000          NULL 
 10.0000    2    2.000   1.0000         right
 12.0000    0    6.000   1.0000          NULL 
 18.0000    2    2.000   1.0000         right
 20.0000    0    6.000   1.0000          NULL 
 26.0000    1    2.000   1.0000          left
 28.0000    0   14.000   1.0000          NULL 
 42.0000    2    2.000   1.0000         right
 44.0000    0    6.000   1.0000          NULL 
 50.0000    1    2.000   1.0000          left
 52.0000    0    8.000   1.0000          NULL 
 60.0000    2    2.000   1.0000         right
 62.0000    0    6.000   1.0000          NULL 
 68.0000    2    2.000   1.0000         right
 70.0000    0    6.000   1.0000          NULL 
 76.0000    1    2.000   1.0000          left
 78.0000    0    8.000   1.0000          NULL 
 86.0000    2    2.000   1.0000         right
 88.0000    0    8.000   1.0000          NULL 
 96.0000    1    2.000   1.0000          left
 98.0000    0    6.000   1.0000          NULL 
104.0000    1    2.000   1.0000          left
106.0000    0   10.000   1.0000          NULL 
116.0000    1    2.000   1.0000          left
118.0000    0   10.000   1.0000          NULL 
128.0000    1    2.000   1.0000          left
130.0000    0    8.000   1.0000          NULL 
138.0000    2    2.000   1.0000         right
140.0000    0    6.000   1.0000          NULL 
146.0000    2    2.000   1.0000         right
148.0000    0    6.000   1.0000          NULL 
154.0000    1    2.000   1.0000          left
156.0000    0    6.000   1.0000          NULL 
162.0000    2    2.000   1.0000         right
164.0000    0    6.000   1.0000          NULL 
170.0000    2    2.000   1.0000         right
172.0000    0    6.000   1.0000          NULL 
178.0000    1    2.000   1.0000          left
180.0000    0   10.000   1.0000          NULL 
190.0000    2    2.000   1.0000         right
192.0000    0   12.000   1.0000          NULL 
204.0000    1    2.000   1.0000          left
206.0000    0    6.000   1.0000          NULL 
212.0000    1    2.000   1.0000          left
214.0000    0   10.000   1.0000          NULL 
224.0000    1    2.000   1.0000          left
226.0000    0    6.000   1.0000          NULL 
232.0000    1    2.000   1.0000          left
234.0000    0    8.000   1.0000          NULL 
242.0000    2    2.000   1.0000         right
244.0000    0   10.000   1.0000          NULL 
254.0000    2    2.000   1.0000         right
256.0000    0   10.000   1.0000          NULL 
266.0000    1    2.000   1.0000          left
268.0000    0    6.000   1.0000          NULL 
274.0000    2    2.000   1.0000         right
276.0000    0    6.000   1.0000          NULL 
282.0000    1    2.000   1.0000          left
284.0000    0    6.000   1.0000          NULL 
290.0000    2    2.000   1.0000         right
292.0000    0    6.000   1.0000          NULL 
298.0000    2    2.000   1.0000         right
300.0000    0   20.000   1.0000          NULL 
