  0.0000    2    2.000   1.0000         right
  2.0000    0    6.000   1.0000          NULL 
  8.0000    1    2.000   1.0000          left
 10.0000    0   14.000   1.0000          NULL 
 24.0000    2    2.000   1.0000         right
 26.0000    0    6.000   1.0000          NULL 
 32.0000    2    2.000   1.0000         right
 34.0000    0    8.000   1.0000          NULL 
 42.0000    2    2.000   1.0000         right
 44.0000    0    6.000   1.0000          NULL 
 50.0000    1    2.000   1.0000          left
 52.0000    0   12.000   1.0000          NULL 
 64.0000    2    2.000   1.0000         right
 66.0000    0    8.000   1.0000          NULL 
 74.0000    1    2.000   1.0000          left
 76.0000    0    6.000   1.0000          NULL 
 82.0000    2    2.000   1.0000         right
 84.0000    0    6.000   1.0000          NULL 
 90.0000    2    2.000   1.0000         right
 92.0000    0    6.000   1.0000          NULL 
 98.0000    1    2.000   1.0000          left
100.0000    0    6.000   1.0000          NULL 
106.0000    2    2.000   1.0000         right
108.0000    0    6.000   1.0000          NULL 
114.0000    1    2.000   1.0000          left
116.0000    0    8.000   1.0000          NULL 
124.0000    2    2.000   1.0000         right
126.0000    0    6.000   1.0000          NULL 
132.0000    2    2.000   1.0000         right
134.0000    0    8.000   1.0000          NULL 
142.0000    1    2.000   1.0000          left
144.0000    0    8.000   1.0000          NULL 
152.0000    2    2.000   1.0000         right
154.0000    0    6.000   1.0000          NULL 
160.0000    1    2.000   1.0000          left
162.0000    0    6.000   1.0000          NULL 
168.0000    1    2.000   1.0000          left
170.0000    0    6.000   1.0000          NULL 
176.0000    2    2.000   1.0000         right
178.0000    0   14.000   1.0000          NULL 
192.0000    1    2.000   1.0000          left
194.0000    0    8.000   1.0000          NULL 
202.0000    1    2.000   1.0000          left
204.0000    0    6.000   1.0000          NULL 
210.0000    1    2.000   1.0000          left
212.0000    0    8.000   1.0000          NULL 
220.0000    1    2.000   1.0000          left
222.0000    0   18.000   1.0000          NULL 
