  0.0000    1    2.000   1.0000          left
  2.0000    0   16.000   1.0000          NULL 
 18.0000    2    2.000   1.0000         right
 20.0000    0   12.000   1.0000          NULL 
 32.0000    2    2.000   1.0000         right
 34.0000    0   12.000   1.0000          NULL 
 46.0000    1    2.000   1.0000          left
 48.0000    0   10.000   1.0000          NULL 
 58.0000    1    2.000   1.0000          left
 60.0000    0   14.000   1.0000          NULL 
 74.0000    1    2.000   1.0000          left
 76.0000    0   14.000   1.0000          NULL 
 90.0000    1    2.000   1.0000          left
 92.0000    0    6.000   1.0000          NULL 
 98.0000    2    2.000   1.0000         right
100.0000    0    6.000   1.0000          NULL 
106.0000    1    2.000   1.0000          left
108.0000    0   10.000   1.0000          NULL 
118.0000    2    2.000   1.0000         right
120.0000    0   12.000   1.0000          NULL 
132.0000    2    2.000   1.0000         right
134.0000    0   10.000   1.0000          NULL 
144.0000    2    2.000   1.0000         right
146.0000    0   18.000   1.0000          NULL 
164.0000    2    2.000   1.0000         right
166.0000    0   20.000   1.0000          NULL 
186.0000    2    2.000   1.0000         right
188.0000    0    6.000   1.0000          NULL 
194.0000    1    2.000   1.0000          left
196.0000    0   18.000   1.0000          NULL 
214.0000    2    2.000   1.0000         right
216.0000    0   18.000   1.0000          NULL 
234.0000    1    2.000   1.0000          left
236.0000    0   16.000   1.0000          NULL 
252.0000    3    2.000   1.0000           fix
254.0000    0   10.000   1.0000          NULL 
264.0000    1    2.000   1.0000          left
266.0000    0   10.000   1.0000          NULL 
276.0000    3    2.000   1.0000           fix
278.0000    0   12.000   1.0000          NULL 
290.0000    2    2.000   1.0000         right
292.0000    0   16.000   1.0000          NULL 
308.0000    1    2.000   1.0000          left
310.0000    0   10.000   1.0000          NULL 
320.0000    2    2.000   1.0000         right
322.0000    0   14.000   1.0000          NULL 
336.0000    1    2.000   1.0000          left
338.0000    0    8.000   1.0000          NULL 
346.0000    1    2.000   1.0000          left
348.0000    0   16.000   1.0000          NULL 
364.0000    2    2.000   1.0000         right
366.0000    0   34.000   1.0000          NULL 
