  0.0000    1    2.000   1.0000          left
  2.0000    0   18.000   1.0000          NULL 
 20.0000    1    2.000   1.0000          left
 22.0000    0   16.000   1.0000          NULL 
 38.0000    1    2.000   1.0000          left
 40.0000    0    6.000   1.0000          NULL 
 46.0000    2    2.000   1.0000         right
 48.0000    0   16.000   1.0000          NULL 
 64.0000    2    2.000   1.0000         right
 66.0000    0   10.000   1.0000          NULL 
 76.0000    1    2.000   1.0000          left
 78.0000    0   14.000   1.0000          NULL 
 92.0000    1    2.000   1.0000          left
 94.0000    0    6.000   1.0000          NULL 
100.0000    2    2.000   1.0000         right
102.0000    0   10.000   1.0000          NULL 
112.0000    2    2.000   1.0000         right
114.0000    0    8.000   1.0000          NULL 
122.0000    2    2.000   1.0000         right
124.0000    0   10.000   1.0000          NULL 
134.0000    2    2.000   1.0000         right
136.0000    0   10.000   1.0000          NULL 
146.0000    1    2.000   1.0000          left
148.0000    0   10.000   1.0000          NULL 
158.0000    2    2.000   1.0000         right
160.0000    0   14.000   1.0000          NULL 
174.0000    2    2.000   1.0000         right
176.0000    0   10.000   1.0000          NULL 
186.0000    1    2.000   1.0000          left
188.0000    0   10.000   1.0000          NULL 
198.0000    2    2.000   1.0000         right
200.0000    0   10.000   1.0000          NULL 
210.0000    1    2.000   1.0000          left
212.0000    0   20.000   1.0000          NULL 
232.0000    3    2.000   1.0000           fix
234.0000    0   14.000   1.0000          NULL 
248.0000    1    2.000   1.0000          left
250.0000    0   10.000   1.0000          NULL 
260.0000    2    2.000   1.0000         right
262.0000    0   10.000   1.0000          NULL 
272.0000    2    2.000   1.0000         right
274.0000    0   18.000   1.0000          NULL 
292.0000    2    2.000   1.0000         right
294.0000    0   20.000   1.0000          NULL 
314.0000    3    2.000   1.0000           fix
316.0000    0   20.000   1.0000          NULL 
336.0000    1    2.000   1.0000          left
338.0000    0   18.000   1.0000          NULL 
356.0000    1    2.000   1.0000          left
358.0000    0   12.000   1.0000          NULL 
370.0000    1    2.000   1.0000          left
372.0000    0   28.000   1.0000          NULL 
