  0.0000    1    2.000   1.0000          left
  2.0000    0    8.000   1.0000          NULL 
 10.0000    1    2.000   1.0000          left
 12.0000    0    6.000   1.0000          NULL 
 18.0000    2    2.000   1.0000         right
 20.0000    0   14.000   1.0000          NULL 
 34.0000    1    2.000   1.0000          left
 36.0000    0    6.000   1.0000          NULL 
 42.0000    1    2.000   1.0000          left
 44.0000    0    6.000   1.0000          NULL 
 50.0000    2    2.000   1.0000         right
 52.0000    0    8.000   1.0000          NULL 
 60.0000    2    2.000   1.0000         right
 62.0000    0    6.000   1.0000          NULL 
 68.0000    1    2.000   1.0000          left
 70.0000    0    6.000   1.0000          NULL 
 76.0000    1    2.000   1.0000          left
 78.0000    0    6.000   1.0000          NULL 
 84.0000    2    2.000   1.0000         right
 86.0000    0    6.000   1.0000          NULL 
 92.0000    2    2.000   1.0000         right
 94.0000    0    6.000   1.0000          NULL 
100.0000    2    2.000   1.0000         right
102.0000    0    6.000   1.0000          NULL 
108.0000    2    2.000   1.0000         right
110.0000    0   12.000   1.0000          NULL 
122.0000    1    2.000   1.0000          left
124.0000    0   12.000   1.0000          NULL 
136.0000    1    2.000   1.0000          left
138.0000    0    6.000   1.0000          NULL 
144.0000    2    2.000   1.0000         right
146.0000    0    6.000   1.0000          NULL 
152.0000    1    2.000   1.0000          left
154.0000    0    8.000   1.0000          NULL 
162.0000    1    2.000   1.0000          left
164.0000    0    6.000   1.0000          NULL 
170.0000    2    2.000   1.0000         right
172.0000    0    8.000   1.0000          NULL 
180.0000    1    2.000   1.0000          left
182.0000    0    6.000   1.0000          NULL 
188.0000    2    2.000   1.0000         right
190.0000    0    6.000   1.0000          NULL 
196.0000    2    2.000   1.0000         right
198.0000    0    8.000   1.0000          NULL 
206.0000    2    2.000   1.0000         right
208.0000    0   12.000   1.0000          NULL 
220.0000    1    2.000   1.0000          left
222.0000    0   18.000   1.0000          NULL 
