  0.0000    1    2.000   1.0000          left
  2.0000    0   12.000   1.0000          NULL 
 14.0000    2    2.000   1.0000         right
 16.0000    0    6.000   1.0000          NULL 
 22.0000    1    2.000   1.0000          left
 24.0000    0    6.000   1.0000          NULL 
 30.0000    2    2.000   1.0000         right
 32.0000    0    6.000   1.0000          NULL 
 38.0000    1    2.000   1.0000          left
 40.0000    0    6.000   1.0000          NULL 
 46.0000    1    2.000   1.0000          left
 48.0000    0    8.000   1.0000          NULL 
 56.0000    2    2.000   1.0000         right
 58.0000    0   10.000   1.0000          NULL 
 68.0000    1    2.000   1.0000          left
 70.0000    0   14.000   1.0000          NULL 
 84.0000    2    2.000   1.0000         right
 86.0000    0    6.000   1.0000          NULL 
 92.0000    2    2.000   1.0000         right
 94.0000    0   10.000   1.0000          NULL 
104.0000    2    2.000   1.0000         right
106.0000    0   10.000   1.0000          NULL 
116.0000    2    2.000   1.0000         right
118.0000    0    6.000   1.0000          NULL 
124.0000    2    2.000   1.0000         right
126.0000    0    6.000   1.0000          NULL 
132.0000    1    2.000   1.0000          left
134.0000    0    6.000   1.0000          NULL 
140.0000    1    2.000   1.0000          left
142.0000    0    6.000   1.0000          NULL 
148.0000    2    2.000   1.0000         right
150.0000    0    8.000   1.0000          NULL 
158.0000    2    2.000   1.0000         right
160.0000    0    8.000   1.0000          NULL 
168.0000    1    2.000   1.0000          left
170.0000    0    6.000   1.0000          NULL 
176.0000    1    2.000   1.0000          left
178.0000    0    6.000   1.0000          NULL 
184.0000    1    2.000   1.0000          left
186.0000    0    6.000   1.0000          NULL 
192.0000    2    2.000   1.0000         right
194.0000    0    8.000   1.0000          NULL 
202.0000    2    2.000   1.0000         right
204.0000    0    6.000   1.0000          NULL 
210.0000    1    2.000   1.0000          left
212.0000    0    6.000   1.0000          NULL 
218.0000    1    2.000   1.0000          left
220.0000    0   20.000   1.0000          NULL 
