  0.0000    2    2.000   1.0000         right
  2.0000    0   12.000   1.0000          NULL 
 14.0000    2    2.000   1.0000         right
 16.0000    0    8.000   1.0000          NULL 
 24.0000    1    2.000   1.0000          left
 26.0000    0   16.000   1.0000          NULL 
 42.0000    3    2.000   1.0000           fix
 44.0000    0   16.000   1.0000          NULL 
 60.0000    1    2.000   1.0000          left
 62.0000    0   14.000   1.0000          NULL 
 76.0000    1    2.000   1.0000          left
 78.0000    0   10.000   1.0000          NULL 
 88.0000    2    2.000   1.0000         right
 90.0000    0   14.000   1.0000          NULL 
104.0000    1    2.000   1.0000          left
106.0000    0    6.000   1.0000          NULL 
112.0000    1    2.000   1.0000          left
114.0000    0   10.000   1.0000          NULL 
124.0000    2    2.000   1.0000         right
126.0000    0    6.000   1.0000          NULL 
132.0000    2    2.000   1.0000         right
134.0000    0   14.000   1.0000          NULL 
148.0000    2    2.000   1.0000         right
150.0000    0   20.000   1.0000          NULL 
170.0000    1    2.000   1.0000          left
172.0000    0    8.000   1.0000          NULL 
180.0000    2    2.000   1.0000         right
182.0000    0    6.000   1.0000          NULL 
188.0000    1    2.000   1.0000          left
190.0000    0   16.000   1.0000          NULL 
206.0000    1    2.000   1.0000          left
208.0000    0    8.000   1.0000          NULL 
216.0000    2    2.000   1.0000         right
218.0000    0   12.000   1.0000          NULL 
230.0000    2    2.000   1.0000         right
232.0000    0   12.000   1.0000          NULL 
244.0000    2    2.000   1.0000         right
246.0000    0   10.000   1.0000          NULL 
256.0000    1    2.000   1.0000          left
258.0000    0   18.000   1.0000          NULL 
276.0000    2    2.000   1.0000         right
278.0000    0   18.000   1.0000          NULL 
296.0000    3    2.000   1.0000           fix
298.0000    0   10.000   1.0000          NULL 
308.0000    1    2.000   1.0000          left
310.0000    0   18.000   1.0000          NULL 
328.0000    1    2.000   1.0000          left
330.0000    0   18.000   1.0000          NULL 
348.0000    1    2.000   1.0000          left
350.0000    0   16.000   1.0000          NULL 
366.0000    2    2.000   1.0000         right
368.0000    0   32.000   1.0000          NULL 
