  0.0000    2    2.000   1.0000         right
  2.0000    0   14.000   1.0000          NULL 
 16.0000    1    2.000   1.0000          left
 18.0000    0   10.000   1.0000          NULL 
 28.0000    1    2.000   1.0000          left
 30.0000    0   16.000   1.0000          NULL 
 46.0000    1    2.000   1.0000          left
 48.0000    0   16.000   1.0000          NULL 
 64.0000    2    2.000   1.0000         right
 66.0000    0    8.000   1.0000          NULL 
 74.0000    2    2.000   1.0000         right
 76.0000    0   12.000   1.0000          NULL 
 88.0000    2    2.000   1.0000         right
 90.0000    0   16.000   1.0000          NULL 
106.0000    1    2.000   1.0000          left
108.0000    0   20.000   1.0000          NULL 
128.0000    3    2.000   1.0000           fix
130.0000    0   12.000   1.0000          NULL 
142.0000    2    2.000   1.0000         right
144.0000    0   10.000   1.0000          NULL 
154.0000    2    2.000   1.0000         right
156.0000    0    6.000   1.0000          NULL 
162.0000    1    2.000   1.0000          left
164.0000    0    6.000   1.0000          NULL 
170.0000    2    2.000   1.0000         right
172.0000    0   12.000   1.0000          NULL 
184.0000    1    2.000   1.0000          left
186.0000    0   12.000   1.0000          NULL 
198.0000    2    2.000   1.0000         right
200.0000    0   18.000   1.0000          NULL 
218.0000    1    2.000   1.0000          left
220.0000    0   16.000   1.0000          NULL 
236.0000    2    2.000   1.0000         right
238.0000    0    6.000   1.0000          NULL 
244.0000    2    2.000   1.0000         right
246.0000    0   18.000   1.0000          NULL 
264.0000    2    2.000   1.0000         right
266.0000    0   10.000   1.0000          NULL 
276.0000    1    2.000   1.0000          left
278.0000    0   16.000   1.0000          NULL 
294.0000    1    2.000   1.0000          left
296.0000    0   16.000   1.0000          NULL 
312.0000    1    2.000   1.0000          left
314.0000    0   20.000   1.0000          NULL 
334.0000    1    2.000   1.0000          left
336.0000    0   10.000   1.0000          NULL 
346.0000    3    2.000   1.0000           fix
348.0000    0   12.000   1.0000          NULL 
360.0000    2    2.000   1.0000         right
362.0000    0   10.000   1.0000          NULL 
372.0000    1    2.000   1.0000          left
374.0000    0   26.000   1.0000          NULL 
