  0.0000    1    2.000   1.0000          left
  2.0000    0    8.000   1.0000          NULL 
 10.0000    1    2.000   1.0000          left
 12.0000    0    6.000   1.0000          NULL 
 18.0000    2    2.000   1.0000         right
 20.0000    0   12.000   1.0000          NULL 
 32.0000    1    2.000   1.0000          left
 34.0000    0   16.000   1.0000          NULL 
 50.0000    1    2.000   1.0000          left
 52.0000    0   12.000   1.0000          NULL 
 64.0000    2    2.000   1.0000         right
 66.0000    0   20.000   1.0000          NULL 
 86.0000    2    2.000   1.0000         right
 88.0000    0   10.000   1.0000          NULL 
 98.0000    1    2.000   1.0000          left
100.0000    0   20.000   1.0000          NULL 
120.0000    2    2.000   1.0000         right
122.0000    0    6.000   1.0000          NULL 
128.0000    1    2.000   1.0000          left
130.0000    0   12.000   1.0000          NULL 
142.0000    2    2.000   1.0000         right
144.0000    0   18.000   1.0000          NULL 
162.0000    2    2.000   1.0000         right
164.0000    0    6.000   1.0000          NULL 
170.0000    2    2.000   1.0000         right
172.0000    0   12.000   1.0000          NULL 
184.0000    2    2.000   1.0000         right
186.0000    0   12.000   1.0000          NULL 
198.0000    2    2.000   1.0000         right
200.0000    0   14.000   1.0000          NULL 
214.0000    1    2.000   1.0000          left
216.0000    0    8.000   1.0000          NULL 
224.0000    2    2.000   1.0000         right
226.0000    0   14.000   1.0000          NULL 
240.0000    1    2.000   1.0000          left
242.0000    0   12.000   1.0000          NULL 
254.0000    3    2.000   1.0000           fix
256.0000    0   18.000   1.0000          NULL 
274.0000    1    2.000   1.0000          left
276.0000    0   16.000   1.0000          NULL 
292.0000    2    2.000   1.0000         right
294.0000    0   16.000   1.0000          NULL 
310.0000    1    2.000   1.0000          left
312.0000    0   20.000   1.0000          NULL 
332.0000    3    2.000   1.0000           fix
334.0000    0   10.000   1.0000          NULL 
344.0000    2    2.000   1.0000         right
346.0000    0   14.000   1.0000          NULL 
360.0000    1    2.000   1.0000          left
362.0000    0    8.000   1.0000          NULL 
370.0000    1    2.000   1.0000          left
372.0000    0   28.000   1.0000          NULL 
