  0.0000    1    2.000   1.0000          left
  2.0000    0   14.000   1.0000          NULL 
 16.0000    1    2.000   1.0000          left
 18.0000    0    6.000   1.0000          NULL 
 24.0000    2    2.000   1.0000         right
 26.0000    0    6.000   1.0000          NULL 
 32.0000    1    2.000   1.0000          left
 34.0000    0    6.000   1.0000          NULL 
 40.0000    1    2.000   1.0000          left
 42.0000    0    8.000   1.0000          NULL 
 50.0000    1    2.000   1.0000          left
 52.0000    0    6.000   1.0000          NULL 
 58.0000    2    2.000   1.0000         right
 60.0000    0    6.000   1.0000          NULL 
 66.0000    1    2.000   1.0000          left
 68.0000    0   10.000   1.0000          NULL 
 78.0000    1    2.000   1.0000          left
 80.0000    0    6.000   1.0000          NULL 
 86.0000    2    2.000   1.0000         right
 88.0000    0    6.000   1.0000          NULL 
 94.0000    1    2.000   1.0000          left
 96.0000    0    6.000   1.0000          NULL 
102.0000    2    2.000   1.0000         right
104.0000    0    6.000   1.0000          NULL 
110.0000    2    2.000   1.0000         right
112.0000    0    6.000   1.0000          NULL 
118.0000    2    2.000   1.0000         right
120.0000    0    6.000   1.0000          NULL 
126.0000    2    2.000   1.0000         right
128.0000    0    6.000   1.0000          NULL 
134.0000    2    2.000   1.0000         right
136.0000    0    6.000   1.0000          NULL 
142.0000    1    2.000   1.0000          left
144.0000    0   12.000   1.0000          NULL 
156.0000    1    2.000   1.0000          left
158.0000    0    6.000   1.0000          NULL 
164.0000    1    2.000   1.0000          left
166.0000    0   10.000   1.0000          NULL 
176.0000    2    2.000   1.0000         right
178.0000    0    8.000   1.0000          NULL 
186.0000    2    2.000   1.0000         right
188.0000    0    8.000   1.0000          NULL 
196.0000    2    2.000   1.0000         right
198.0000    0    8.000   1.0000          NULL 
206.0000    2    2.000   1.0000         right
208.0000    0    8.000   1.0000          NULL 
216.0000    1    2.000   1.0000          left
218.0000    0   22.000   1.0000          NULL 
