  0.0000    2    2.000   1.0000         right
  2.0000    0   14.000   1.0000          NULL 
 16.0000    2    2.000   1.0000         right
 18.0000    0   16.000   1.0000          NULL 
 34.0000    3    2.000   1.0000           fix
 36.0000    0   12.000   1.0000          NULL 
 48.0000    1    2.000   1.0000          left
 50.0000    0    8.000   1.0000          NULL 
 58.0000    1    2.000   1.0000          left
 60.0000    0   12.000   1.0000          NULL 
 72.0000    2    2.000   1.0000         right
 74.0000    0   18.000   1.0000          NULL 
 92.0000    1    2.000   1.0000          left
 94.0000    0   12.000   1.0000          NULL 
106.0000    2    2.000   1.0000         right
108.0000    0    8.000   1.0000          NULL 
116.0000    1    2.000   1.0000          left
118.0000    0   12.000   1.0000          NULL 
130.0000    2    2.000   1.0000         right
132.0000    0   14.000   1.0000          NULL 
146.0000    2    2.000   1.0000         right
148.0000    0   10.000   1.0000          NULL 
158.0000    1    2.000   1.0000          left
160.0000    0    8.000   1.0000          NULL 
168.0000    2    2.000   1.0000         right
170.0000    0   12.000   1.0000          NULL 
182.0000    1    2.000   1.0000          left
184.0000    0    8.000   1.0000          NULL 
192.0000    1    2.000   1.0000          left
194.0000    0   12.000   1.0000          NULL 
206.0000    2    2.000   1.0000         right
208.0000    0   10.000   1.0000          NULL 
218.0000    1    2.000   1.0000          left
220.0000    0   18.000   1.0000          NULL 
238.0000    2    2.000   1.0000         right
240.0000    0   10.000   1.0000          NULL 
250.0000    3    2.000   1.0000           fix
252.0000    0   18.000   1.0000          NULL 
270.0000    1    2.000   1.0000          left
272.0000    0    6.000   1.0000          NULL 
278.0000    1    2.000   1.0000          left
280.0000    0   20.000   1.0000          NULL 
300.0000    2    2.000   1.0000         right
302.0000    0    6.000   1.0000          NULL 
308.0000    1    2.000   1.0000          left
310.0000    0   18.000   1.0000          NULL 
328.0000    1    2.000   1.0000          left
330.0000    0   20.000   1.0000          NULL 
350.0000    2    2.000   1.0000         right
352.0000    0   16.000   1.0000          NULL 
368.0000    2    2.000   1.0000         right
370.0000    0   30.000   1.0000          NULL 
