  0.0000    2    2.000   1.0000         LMiss
  2.0000    0   10.000   1.0000          NULL 
 12.0000    6    2.000   1.0000       RRecede
 14.0000    0    8.000   1.0000          NULL 
 22.0000    4    2.000   1.0000          RHit
 24.0000    0    8.000   1.0000          NULL 
 32.0000    1    2.000   1.0000          LHit
 34.0000    0    6.000   1.0000          NULL 
 40.0000    3    2.000   1.0000       LRecede
 42.0000    0   10.000   1.0000          NULL 
 52.0000    4    2.000   1.0000          RHit
 54.0000    0    6.000   1.0000          NULL 
 60.0000    4    2.000   1.0000          RHit
 62.0000    0    8.000   1.0000          NULL 
 70.0000    5    2.000   1.0000         RMiss
 72.0000    0    8.000   1.0000          NULL 
 80.0000    6    2.000   1.0000       RRecede
 82.0000    0   10.000   1.0000          NULL 
 92.0000    1    2.000   1.0000          LHit
 94.0000    0    8.000   1.0000          NULL 
102.0000    4    2.000   1.0000          RHit
104.0000    0   10.000   1.0000          NULL 
114.0000    2    2.000   1.0000         LMiss
116.0000    0    8.000   1.0000          NULL 
124.0000    6    2.000   1.0000       RRecede
126.0000    0    6.000   1.0000          NULL 
132.0000    1    2.000   1.0000          LHit
134.0000    0    6.000   1.0000          NULL 
140.0000    2    2.000   1.0000         LMiss
142.0000    0    6.000   1.0000          NULL 
148.0000    5    2.000   1.0000         RMiss
150.0000    0    6.000   1.0000          NULL 
156.0000    1    2.000   1.0000          LHit
158.0000    0    8.000   1.0000          NULL 
166.0000    5    2.000   1.0000         RMiss
168.0000    0    8.000   1.0000          NULL 
176.0000    6    2.000   1.0000       RRecede
178.0000    0    6.000   1.0000          NULL 
184.0000    3    2.000   1.0000       LRecede
186.0000    0   12.000   1.0000          NULL 
198.0000    3    2.000   1.0000       LRecede
200.0000    0   12.000   1.0000          NULL 
212.0000    2    2.000   1.0000         LMiss
214.0000    0    6.000   1.0000          NULL 
220.0000    5    2.000   1.0000         RMiss
222.0000    0    8.000   1.0000          NULL 
230.0000    3    2.000   1.0000       LRecede
232.0000    0    8.000   1.0000          NULL 
