  0.0000    2    2.000   1.0000         LMiss
  2.0000    0    6.000   1.0000          NULL 
  8.0000    1    2.000   1.0000          LHit
 10.0000    0   10.000   1.0000          NULL 
 20.0000    3    2.000   1.0000       LRecede
 22.0000    0    6.000   1.0000          NULL 
 28.0000    5    2.000   1.0000         RMiss
 30.0000    0    6.000   1.0000          NULL 
 36.0000    6    2.000   1.0000       RRecede
 38.0000    0    6.000   1.0000          NULL 
 44.0000    4    2.000   1.0000          RHit
 46.0000    0    6.000   1.0000          NULL 
 52.0000    4    2.000   1.0000          RHit
 54.0000    0    6.000   1.0000          NULL 
 60.0000    2    2.000   1.0000         LMiss
 62.0000    0   10.000   1.0000          NULL 
 72.0000    2    2.000   1.0000         LMiss
 74.0000    0    6.000   1.0000          NULL 
 80.0000    4    2.000   1.0000          RHit
 82.0000    0    8.000   1.0000          NULL 
 90.0000    3    2.000   1.0000       LRecede
 92.0000    0    6.000   1.0000          NULL 
 98.0000    6    2.000   1.0000       RRecede
100.0000    0   10.000   1.0000          NULL 
110.0000    1    2.000   1.0000          LHit
112.0000    0   10.000   1.0000          NULL 
122.0000    2    2.000   1.0000         LMiss
124.0000    0   10.000   1.0000          NULL 
134.0000    1    2.000   1.0000          LHit
136.0000    0   10.000   1.0000          NULL 
146.0000    3    2.000   1.0000       LRecede
148.0000    0    8.000   1.0000          NULL 
156.0000    6    2.000   1.0000       RRecede
158.0000    0    6.000   1.0000          NULL 
164.0000    5    2.000   1.0000         RMiss
166.0000    0    8.000   1.0000          NULL 
174.0000    1    2.000   1.0000          LHit
176.0000    0    8.000   1.0000          NULL 
184.0000    5    2.000   1.0000         RMiss
186.0000    0    8.000   1.0000          NULL 
194.0000    5    2.000   1.0000         RMiss
196.0000    0    8.000   1.0000          NULL 
204.0000    4    2.000   1.0000          RHit
206.0000    0   12.000   1.0000          NULL 
218.0000    6    2.000   1.0000       RRecede
220.0000    0   10.000   1.0000          NULL 
230.0000    3    2.000   1.0000       LRecede
232.0000    0    8.000   1.0000          NULL 
