  0.0000    3    2.000   1.0000       LRecede
  2.0000    0    6.000   1.0000          NULL 
  8.0000    2    2.000   1.0000         LMiss
 10.0000    0    6.000   1.0000          NULL 
 16.0000    1    2.000   1.0000          LHit
 18.0000    0    8.000   1.0000          NULL 
 26.0000    2    2.000   1.0000         LMiss
 28.0000    0    8.000   1.0000          NULL 
 36.0000    4    2.000   1.0000          RHit
 38.0000    0   12.000   1.0000          NULL 
 50.0000    5    2.000   1.0000         RMiss
 52.0000    0    8.000   1.0000          NULL 
 60.0000    4    2.000   1.0000          RHit
 62.0000    0   10.000   1.0000          NULL 
 72.0000    5    2.000   1.0000         RMiss
 74.0000    0    8.000   1.0000          NULL 
 82.0000    6    2.000   1.0000       RRecede
 84.0000    0    6.000   1.0000          NULL 
 90.0000    5    2.000   1.0000         RMiss
 92.0000    0    6.000   1.0000          NULL 
 98.0000    6    2.000   1.0000       RRecede
100.0000    0   10.000   1.0000          NULL 
110.0000    2    2.000   1.0000         LMiss
112.0000    0   10.000   1.0000          NULL 
122.0000    2    2.000   1.0000         LMiss
124.0000    0    8.000   1.0000          NULL 
132.0000    1    2.000   1.0000          LHit
134.0000    0   10.000   1.0000          NULL 
144.0000    6    2.000   1.0000       RRecede
146.0000    0   10.000   1.0000          NULL 
156.0000    6    2.000   1.0000       RRecede
158.0000    0    6.000   1.0000          NULL 
164.0000    4    2.000   1.0000          RHit
166.0000    0    8.000   1.0000          NULL 
174.0000    1    2.000   1.0000          LHit
176.0000    0    6.000   1.0000          NULL 
182.0000    1    2.000   1.0000          LHit
184.0000    0    8.000   1.0000          NULL 
192.0000    4    2.000   1.0000          RHit
194.0000    0   10.000   1.0000          NULL 
204.0000    3    2.000   1.0000       LRecede
206.0000    0    6.000   1.0000          NULL 
212.0000    3    2.000   1.0000       LRecede
214.0000    0    8.000   1.0000          NULL 
222.0000    3    2.000   1.0000       LRecede
224.0000    0    6.000   1.0000          NULL 
230.0000    5    2.000   1.0000         RMiss
232.0000    0    8.000   1.0000          NULL 
