  0.0000    6    2.000   1.0000       RRecede
  2.0000    0   10.000   1.0000          NULL 
 12.0000    5    2.000   1.0000         RMiss
 14.0000    0    8.000   1.0000          NULL 
 22.0000    2    2.000   1.0000         LMiss
 24.0000    0    6.000   1.0000          NULL 
 30.0000    5    2.000   1.0000         RMiss
 32.0000    0    8.000   1.0000          NULL 
 40.0000    4    2.000   1.0000          RHit
 42.0000    0   12.000   1.0000          NULL 
 54.0000    6    2.000   1.0000       RRecede
 56.0000    0   10.000   1.0000          NULL 
 66.0000    1    2.000   1.0000          LHit
 68.0000    0    6.000   1.0000          NULL 
 74.0000    3    2.000   1.0000       LRecede
 76.0000    0   10.000   1.0000          NULL 
 86.0000    3    2.000   1.0000       LRecede
 88.0000    0   10.000   1.0000          NULL 
 98.0000    2    2.000   1.0000         LMiss
100.0000    0    6.000   1.0000          NULL 
106.0000    2    2.000   1.0000         LMiss
108.0000    0    6.000   1.0000          NULL 
114.0000    6    2.000   1.0000       RRecede
116.0000    0    6.000   1.0000          NULL 
122.0000    5    2.000   1.0000         RMiss
124.0000    0    6.000   1.0000          NULL 
130.0000    1    2.000   1.0000          LHit
132.0000    0    6.000   1.0000          NULL 
138.0000    4    2.000   1.0000          RHit
140.0000    0    8.000   1.0000          NULL 
148.0000    4    2.000   1.0000          RHit
150.0000    0    8.000   1.0000          NULL 
158.0000    2    2.000   1.0000         LMiss
160.0000    0    6.000   1.0000          NULL 
166.0000    1    2.000   1.0000          LHit
168.0000    0    6.000   1.0000          NULL 
174.0000    1    2.000   1.0000          LHit
176.0000    0   12.000   1.0000          NULL 
188.0000    4    2.000   1.0000          RHit
190.0000    0   12.000   1.0000          NULL 
202.0000    5    2.000   1.0000         RMiss
204.0000    0    6.000   1.0000          NULL 
210.0000    6    2.000   1.0000       RRecede
212.0000    0    6.000   1.0000          NULL 
218.0000    3    2.000   1.0000       LRecede
220.0000    0    8.000   1.0000          NULL 
228.0000    3    2.000   1.0000       LRecede
230.0000    0   10.000   1.0000          NULL 
