  0.0000    4    2.000   1.0000          RHit
  2.0000    0    6.000   1.0000          NULL 
  8.0000    3    2.000   1.0000       LRecede
 10.0000    0    6.000   1.0000          NULL 
 16.0000    5    2.000   1.0000         RMiss
 18.0000    0    6.000   1.0000          NULL 
 24.0000    1    2.000   1.0000          LHit
 26.0000    0    8.000   1.0000          NULL 
 34.0000    5    2.000   1.0000         RMiss
 36.0000    0    6.000   1.0000          NULL 
 42.0000    4    2.000   1.0000          RHit
 44.0000    0    6.000   1.0000          NULL 
 50.0000    6    2.000   1.0000       RRecede
 52.0000    0    6.000   1.0000          NULL 
 58.0000    5    2.000   1.0000         RMiss
 60.0000    0    8.000   1.0000          NULL 
 68.0000    6    2.000   1.0000       RRecede
 70.0000    0   10.000   1.0000          NULL 
 80.0000    1    2.000   1.0000          LHit
 82.0000    0   10.000   1.0000          NULL 
 92.0000    3    2.000   1.0000       LRecede
 94.0000    0   12.000   1.0000          NULL 
106.0000    3    2.000   1.0000       LRecede
108.0000    0    6.000   1.0000          NULL 
114.0000    2    2.000   1.0000         LMiss
116.0000    0    6.000   1.0000          NULL 
122.0000    4    2.000   1.0000          RHit
124.0000    0   10.000   1.0000          NULL 
134.0000    2    2.000   1.0000         LMiss
136.0000    0    8.000   1.0000          NULL 
144.0000    4    2.000   1.0000          RHit
146.0000    0    6.000   1.0000          NULL 
152.0000    1    2.000   1.0000          LHit
154.0000    0   10.000   1.0000          NULL 
164.0000    1    2.000   1.0000          LHit
166.0000    0    8.000   1.0000          NULL 
174.0000    5    2.000   1.0000         RMiss
176.0000    0   10.000   1.0000          NULL 
186.0000    6    2.000   1.0000       RRecede
188.0000    0    6.000   1.0000          NULL 
194.0000    6    2.000   1.0000       RRecede
196.0000    0    8.000   1.0000          NULL 
204.0000    3    2.000   1.0000       LRecede
206.0000    0    6.000   1.0000          NULL 
212.0000    2    2.000   1.0000         LMiss
214.0000    0   10.000   1.0000          NULL 
224.0000    2    2.000   1.0000         LMiss
226.0000    0   14.000   1.0000          NULL 
