  0.0000    3    2.000   1.0000       LRecede
  2.0000    0    8.000   1.0000          NULL 
 10.0000    2    2.000   1.0000         LMiss
 12.0000    0    6.000   1.0000          NULL 
 18.0000    5    2.000   1.0000         RMiss
 20.0000    0    6.000   1.0000          NULL 
 26.0000    4    2.000   1.0000          RHit
 28.0000    0   10.000   1.0000          NULL 
 38.0000    1    2.000   1.0000          LHit
 40.0000    0    8.000   1.0000          NULL 
 48.0000    3    2.000   1.0000       LRecede
 50.0000    0   10.000   1.0000          NULL 
 60.0000    2    2.000   1.0000         LMiss
 62.0000    0    6.000   1.0000          NULL 
 68.0000    5    2.000   1.0000         RMiss
 70.0000    0    6.000   1.0000          NULL 
 76.0000    4    2.000   1.0000          RHit
 78.0000    0    6.000   1.0000          NULL 
 84.0000    4    2.000   1.0000          RHit
 86.0000    0    8.000   1.0000          NULL 
 94.0000    3    2.000   1.0000       LRecede
 96.0000    0    8.000   1.0000          NULL 
104.0000    4    2.000   1.0000          RHit
106.0000    0    6.000   1.0000          NULL 
112.0000    6    2.000   1.0000       RRecede
114.0000    0    6.000   1.0000          NULL 
120.0000    1    2.000   1.0000          LHit
122.0000    0   10.000   1.0000          NULL 
132.0000    6    2.000   1.0000       RRecede
134.0000    0    8.000   1.0000          NULL 
142.0000    2    2.000   1.0000         LMiss
144.0000    0   12.000   1.0000          NULL 
156.0000    5    2.000   1.0000         RMiss
158.0000    0   10.000   1.0000          NULL 
168.0000    6    2.000   1.0000       RRecede
170.0000    0    6.000   1.0000          NULL 
176.0000    5    2.000   1.0000         RMiss
178.0000    0    8.000   1.0000          NULL 
186.0000    6    2.000   1.0000       RRecede
188.0000    0    6.000   1.0000          NULL 
194.0000    3    2.000   1.0000       LRecede
196.0000    0   12.000   1.0000          NULL 
208.0000    1    2.000   1.0000          LHit
210.0000    0    6.000   1.0000          NULL 
216.0000    1    2.000   1.0000          LHit
218.0000    0   12.000   1.0000          NULL 
230.0000    2    2.000   1.0000         LMiss
232.0000    0    8.000   1.0000          NULL 
