  0.0000    2    2.000   1.0000         LMiss
  2.0000    0   12.000   1.0000          NULL 
 14.0000    1    2.000   1.0000          LHit
 16.0000    0   12.000   1.0000          NULL 
 28.0000    3    2.000   1.0000       LRecede
 30.0000    0    8.000   1.0000          NULL 
 38.0000    6    2.000   1.0000       RRecede
 40.0000    0    6.000   1.0000          NULL 
 46.0000    4    2.000   1.0000          RHit
 48.0000    0    8.000   1.0000          NULL 
 56.0000    3    2.000   1.0000       LRecede
 58.0000    0    6.000   1.0000          NULL 
 64.0000    6    2.000   1.0000       RRecede
 66.0000    0    6.000   1.0000          NULL 
 72.0000    5    2.000   1.0000         RMiss
 74.0000    0    6.000   1.0000          NULL 
 80.0000    4    2.000   1.0000          RHit
 82.0000    0    6.000   1.0000          NULL 
 88.0000    5    2.000   1.0000         RMiss
 90.0000    0    8.000   1.0000          NULL 
 98.0000    6    2.000   1.0000       RRecede
100.0000    0    8.000   1.0000          NULL 
108.0000    5    2.000   1.0000         RMiss
110.0000    0    6.000   1.0000          NULL 
116.0000    1    2.000   1.0000          LHit
118.0000    0    6.000   1.0000          NULL 
124.0000    6    2.000   1.0000       RRecede
126.0000    0    8.000   1.0000          NULL 
134.0000    2    2.000   1.0000         LMiss
136.0000    0   12.000   1.0000          NULL 
148.0000    3    2.000   1.0000       LRecede
150.0000    0    6.000   1.0000          NULL 
156.0000    4    2.000   1.0000          RHit
158.0000    0    6.000   1.0000          NULL 
164.0000    1    2.000   1.0000          LHit
166.0000    0   12.000   1.0000          NULL 
178.0000    1    2.000   1.0000          LHit
180.0000    0    8.000   1.0000          NULL 
188.0000    5    2.000   1.0000         RMiss
190.0000    0    6.000   1.0000          NULL 
196.0000    2    2.000   1.0000         LMiss
198.0000    0   10.000   1.0000          NULL 
208.0000    2    2.000   1.0000         LMiss
210.0000    0    6.000   1.0000          NULL 
216.0000    3    2.000   1.0000       LRecede
218.0000    0   10.000   1.0000          NULL 
228.0000    4    2.000   1.0000          RHit
230.0000    0   10.000   1.0000          NULL 
