  0.0000    1    2.000   1.0000          LHit
  2.0000    0    8.000   1.0000          NULL 
 10.0000    4    2.000   1.0000          RHit
 12.0000    0    6.000   1.0000          NULL 
 18.0000    6    2.000   1.0000       RRecede
 20.0000    0   10.000   1.0000          NULL 
 30.0000    2    2.000   1.0000         LMiss
 32.0000    0    8.000   1.0000          NULL 
 40.0000    5    2.000   1.0000         RMiss
 42.0000    0    6.000   1.0000          NULL 
 48.0000    2    2.000   1.0000         LMiss
 50.0000    0    8.000   1.0000          NULL 
 58.0000    6    2.000   1.0000       RRecede
 60.0000    0    6.000   1.0000          NULL 
 66.0000    3    2.000   1.0000       LRecede
 68.0000    0    6.000   1.0000          NULL 
 74.0000    3    2.000   1.0000       LRecede
 76.0000    0   10.000   1.0000          NULL 
 86.0000    2    2.000   1.0000         LMiss
 88.0000    0    6.000   1.0000          NULL 
 94.0000    6    2.000   1.0000       RRecede
 96.0000    0    6.000   1.0000          NULL 
102.0000    4    2.000   1.0000          RHit
104.0000    0   12.000   1.0000          NULL 
116.0000    4    2.000   1.0000          RHit
118.0000    0    6.000   1.0000          NULL 
124.0000    1    2.000   1.0000          LHit
126.0000    0   12.000   1.0000          NULL 
138.0000    1    2.000   1.0000          LHit
140.0000    0   10.000   1.0000          NULL 
150.0000    5    2.000   1.0000         RMiss
152.0000    0    6.000   1.0000          NULL 
158.0000    2    2.000   1.0000         LMiss
160.0000    0   10.000   1.0000          NULL 
170.0000    5    2.000   1.0000         RMiss
172.0000    0    8.000   1.0000          NULL 
180.0000    3    2.000   1.0000       LRecede
182.0000    0    6.000   1.0000          NULL 
188.0000    6    2.000   1.0000       RRecede
190.0000    0   12.000   1.0000          NULL 
202.0000    5    2.000   1.0000         RMiss
204.0000    0    8.000   1.0000          NULL 
212.0000    4    2.000   1.0000          RHit
214.0000    0    8.000   1.0000          NULL 
222.0000    3    2.000   1.0000       LRecede
224.0000    0    6.000   1.0000          NULL 
230.0000    1    2.000   1.0000          LHit
232.0000    0    8.000   1.0000          NULL 
