  0.0000    2    2.000   1.0000         LMiss
  2.0000    0    6.000   1.0000          NULL 
  8.0000    2    2.000   1.0000         LMiss
 10.0000    0    6.000   1.0000          NULL 
 16.0000    1    2.000   1.0000          LHit
 18.0000    0   10.000   1.0000          NULL 
 28.0000    1    2.000   1.0000          LHit
 30.0000    0    8.000   1.0000          NULL 
 38.0000    5    2.000   1.0000         RMiss
 40.0000    0    8.000   1.0000          NULL 
 48.0000    4    2.000   1.0000          RHit
 50.0000    0    6.000   1.0000          NULL 
 56.0000    6    2.000   1.0000       RRecede
 58.0000    0    8.000   1.0000          NULL 
 66.0000    4    2.000   1.0000          RHit
 68.0000    0    8.000   1.0000          NULL 
 76.0000    3    2.000   1.0000       LRecede
 78.0000    0    8.000   1.0000          NULL 
 86.0000    2    2.000   1.0000         LMiss
 88.0000    0    6.000   1.0000          NULL 
 94.0000    1    2.000   1.0000          LHit
 96.0000    0    8.000   1.0000          NULL 
104.0000    5    2.000   1.0000         RMiss
106.0000    0    8.000   1.0000          NULL 
114.0000    6    2.000   1.0000       RRecede
116.0000    0   10.000   1.0000          NULL 
126.0000    4    2.000   1.0000          RHit
128.0000    0   12.000   1.0000          NULL 
140.0000    2    2.000   1.0000         LMiss
142.0000    0   10.000   1.0000          NULL 
152.0000    3    2.000   1.0000       LRecede
154.0000    0    6.000   1.0000          NULL 
160.0000    5    2.000   1.0000         RMiss
162.0000    0    6.000   1.0000          NULL 
168.0000    3    2.000   1.0000       LRecede
170.0000    0   10.000   1.0000          NULL 
180.0000    4    2.000   1.0000          RHit
182.0000    0    6.000   1.0000          NULL 
188.0000    6    2.000   1.0000       RRecede
190.0000    0    6.000   1.0000          NULL 
196.0000    6    2.000   1.0000       RRecede
198.0000    0    8.000   1.0000          NULL 
206.0000    1    2.000   1.0000          LHit
208.0000    0    8.000   1.0000          NULL 
216.0000    5    2.000   1.0000         RMiss
218.0000    0   12.000   1.0000          NULL 
230.0000    3    2.000   1.0000       LRecede
232.0000    0    8.000   1.0000          NULL 
