  0.0000    1    2.000   1.0000          LHit
  2.0000    0    6.000   1.0000          NULL 
  8.0000    2    2.000   1.0000         LMiss
 10.0000    0   12.000   1.0000          NULL 
 22.0000    4    2.000   1.0000          RHit
 24.0000    0    8.000   1.0000          NULL 
 32.0000    3    2.000   1.0000       LRecede
 34.0000    0   10.000   1.0000          NULL 
 44.0000    5    2.000   1.0000         RMiss
 46.0000    0    6.000   1.0000          NULL 
 52.0000    6    2.000   1.0000       RRecede
 54.0000    0    8.000   1.0000          NULL 
 62.0000    6    2.000   1.0000       RRecede
 64.0000    0   10.000   1.0000          NULL 
 74.0000    2    2.000   1.0000         LMiss
 76.0000    0    8.000   1.0000          NULL 
 84.0000    3    2.000   1.0000       LRecede
 86.0000    0    8.000   1.0000          NULL 
 94.0000    4    2.000   1.0000          RHit
 96.0000    0    6.000   1.0000          NULL 
102.0000    1    2.000   1.0000          LHit
104.0000    0    6.000   1.0000          NULL 
110.0000    3    2.000   1.0000       LRecede
112.0000    0    6.000   1.0000          NULL 
118.0000    5    2.000   1.0000         RMiss
120.0000    0    6.000   1.0000          NULL 
126.0000    4    2.000   1.0000          RHit
128.0000    0    6.000   1.0000          NULL 
134.0000    6    2.000   1.0000       RRecede
136.0000    0    8.000   1.0000          NULL 
144.0000    6    2.000   1.0000       RRecede
146.0000    0    8.000   1.0000          NULL 
154.0000    2    2.000   1.0000         LMiss
156.0000    0    6.000   1.0000          NULL 
162.0000    1    2.000   1.0000          LHit
164.0000    0   10.000   1.0000          NULL 
174.0000    4    2.000   1.0000          RHit
176.0000    0    8.000   1.0000          NULL 
184.0000    5    2.000   1.0000         RMiss
186.0000    0    6.000   1.0000          NULL 
192.0000    3    2.000   1.0000       LRecede
194.0000    0   12.000   1.0000          NULL 
206.0000    2    2.000   1.0000         LMiss
208.0000    0   12.000   1.0000          NULL 
220.0000    5    2.000   1.0000         RMiss
222.0000    0    6.000   1.0000          NULL 
228.0000    1    2.000   1.0000          LHit
230.0000    0   10.000   1.0000          NULL 
